3.492432089641031578e-02
3.766468901031008731e-02
2.543871310157123228e-02
2.592367590536430108e-02
2.783958642771100153e-02
3.215754016621821809e-02
2.528791838615740417e-02
3.042952338710251323e-02
3.791198973101689990e-02
3.920770196441464295e-02
2.932795644293465301e-02
2.334952226442172166e-02
3.608214912727860518e-02
2.989550861570734741e-02
3.067421535375620609e-02
2.592367590536430108e-02
3.085038708905029833e-02
3.433241426427051379e-02
3.266654172702475323e-02
2.453094205847183851e-02
3.735536571617534968e-02
2.873100460803321848e-02
2.783958642771100153e-02
2.751289162095989921e-02
3.691029550555936789e-02
2.633519954202545588e-02
3.475129560813029761e-02
2.609494941433064888e-02
2.772953856763932245e-02
3.654920272549434801e-02
2.455950778896542896e-02
3.132476004994529800e-02
3.372960820196921339e-02
4.282207933033160829e-02
3.679179423575480723e-02
3.335397636591821979e-02
3.136187707463264362e-02
3.396363205716093625e-02
2.722967710032359046e-02
3.078901483956336671e-02
3.277846994258292596e-02
2.766656113943098683e-02
2.692733675293958878e-02
3.428623221681076361e-02
3.234432555194566294e-02
2.464944332827640264e-02
2.410378105343318270e-02
3.131370047330937767e-02
3.438251340102070619e-02
2.859509634444054593e-02
2.904651257427879121e-02
3.105258926166964625e-02
2.933803913236337005e-02
3.377083733771348018e-02
4.277400056564592545e-02
2.398527978362861857e-02
3.536267422022162932e-02
2.348578478910470085e-02
3.171540346763846580e-02
2.411022630722296084e-02
2.715801588927510904e-02
3.193441574118800752e-02
3.149258986204697686e-02
3.022221621857023449e-02
3.313359532524049605e-02
3.203664830827543386e-02
3.377083733771348018e-02
2.525898753297864396e-02
3.178236464081788532e-02
2.362169305269737341e-02
3.273039117789725005e-02
3.443059216570638209e-02
2.828886790945346966e-02
3.519797204107173727e-02
2.707888238490976235e-02
3.114117546230165540e-02
2.704822861088236954e-02
3.105258926166964625e-02
3.149778533822530924e-02
2.896387855155013041e-02
3.246282682175023054e-02
2.820317315864224669e-02
3.204211107050135288e-02
3.613430642095401962e-02
4.020740163600866612e-02
3.257825591746708882e-02
3.042952338710251323e-02
3.201318021732259267e-02
2.894611729667171535e-02
3.678051192410322634e-02
2.930385561971225739e-02
4.054902733084343736e-02
3.022221621857023449e-02
3.030977233968651027e-02
4.212779506249672568e-02
2.646933818020752102e-02
3.095857509065180757e-02
3.416361685360906619e-02
3.939554377214660175e-02
3.373630789787150641e-02
3.194706681996778430e-02
2.772953856763932245e-02
2.879531036955637960e-02
2.924833177811602888e-02
3.492432089641031578e-02
3.606788664598765265e-02
3.036829908831448904e-02
3.144451109736130096e-02
3.383307506925371105e-02
3.550142428921465587e-02
2.569299676902878082e-02
3.414858303549928031e-02
2.936683304792059301e-02
2.682153933947629618e-02
2.422872757702752497e-02
3.771276777499576321e-02
3.608214912727860518e-02
2.915172035928209615e-02
2.346802353422628579e-02
2.766656113943098683e-02
2.637940264089654735e-02
3.042952338710251323e-02
3.499389201311205178e-02
2.601969157577988315e-02
3.570030998101566405e-02
2.894611729667171535e-02
3.519797204107173727e-02
2.692733675293958878e-02
2.773611956042650040e-02
3.643666885309723713e-02
3.743799973890400701e-02
2.410378105343318270e-02
3.181591447138344686e-02
3.601980788130197675e-02
2.751289162095989921e-02
3.550142428921465587e-02
3.995712069870363536e-02
3.934746500746093278e-02
3.006718082942605105e-02
2.845883381975756674e-02
4.188520355223626646e-02
2.928883921406236560e-02
2.909459133896446364e-02
3.383307506925371105e-02
3.715191529812536531e-02
2.899805084081100853e-02
3.157828461285819288e-02
3.132476004994529800e-02
2.587559714067862865e-02
3.712249177265843775e-02
3.883891975730505153e-02
3.010371494876567036e-02
3.777585328236059137e-02
3.000903582091726807e-02
3.044743259267983573e-02
3.091049632596613514e-02
3.698658350906576520e-02
3.833247729720214159e-02
3.232868818356816887e-02
2.591234904268080105e-02
3.131370047330937767e-02
3.575459605591328749e-02
4.211686690456557802e-02
2.586230365587736946e-02
3.316875572509880854e-02
3.030977233968651027e-02
3.976432597925619317e-02
4.554340246275058457e-02
3.204211107050135288e-02
2.422872757702752497e-02
2.530567964103581924e-02
2.896387855155013041e-02
2.803152486402000348e-02
3.558180871121109645e-02
2.362169305269737341e-02
3.335659753283078122e-02
2.824728597749493267e-02
3.725961062743871066e-02
3.504306059379741489e-02
2.854316280030125275e-02
2.546306756093833293e-02
3.414858303549928031e-02
3.504306059379741489e-02
2.719032154658588066e-02
2.715801588927510904e-02
3.372537973994035876e-02
3.246282682175023054e-02
2.516941711635284004e-02
3.349371638761104719e-02
3.613430642095401962e-02
3.117109053147421038e-02
3.112900313111572823e-02
3.042952338710251323e-02
3.191850108947419384e-02
3.161109113185153752e-02
3.693464996492647201e-02
3.915962319972896705e-02
2.407133965712501128e-02
3.748607850358968291e-02
2.512307926938597141e-02
2.946337354607404813e-02
3.131370047330937767e-02
2.827359566376113839e-02
3.383307506925371105e-02
2.588378331218721060e-02
2.710993712458943661e-02
4.188520355223626646e-02
2.682153933947629618e-02
3.600252446245998106e-02
3.149258986204697686e-02
3.042952338710251323e-02
3.521302650410151891e-02
2.682153933947629618e-02
3.383307506925371105e-02
3.656586775781688753e-02
3.246517935250856079e-02
2.827359566376113839e-02
3.550142428921465587e-02
3.663877314212015540e-02
3.423815345212508771e-02
3.421391299446595313e-02
3.170447530970732508e-02
2.707888238490976235e-02
3.110066802635531868e-02
2.589474505218554087e-02
2.589474505218554087e-02
3.015610282121542265e-02
3.335659753283078122e-02
3.121916929615988281e-02
3.586043152675646994e-02
2.986694288521376042e-02
3.233898865565943553e-02
3.433241426427051379e-02
3.156301236716586855e-02
2.827359566376113839e-02
2.557449549922421669e-02
3.920770196441464295e-02
2.932128061037053701e-02
2.646897305752235127e-02
3.719737289589847978e-02
3.136187707463264362e-02
2.748396076778113900e-02
4.032590290581322678e-02
4.020740163600866612e-02
3.105258926166964625e-02
3.349109522069849965e-02
3.186137206915655440e-02
2.512307926938597141e-02
3.313359532524049605e-02
2.609494941433064888e-02
2.932795644293465301e-02
3.870125950431173301e-02
3.421391299446595313e-02
3.336752569076192193e-02
3.143220174311394527e-02
2.714010668369778653e-02
3.693464996492647201e-02
3.144451109736130096e-02
2.827359566376113839e-02
3.006718082942605105e-02
2.682153933947629618e-02
2.952050256639168063e-02
3.121916929615988281e-02
3.484780914336779722e-02
2.422872757702752497e-02
2.722967710032359046e-02
2.635083691040295689e-02
3.036829908831448904e-02
3.497625444054960897e-02
3.126612198589599767e-02
3.845866799405127379e-02
3.608214912727860518e-02
3.156563353407841610e-02
3.081621479978942021e-02
2.739439035115533508e-02
2.609494941433064888e-02
2.171222778414045110e-02
3.353917398538416861e-02
2.748396076778113900e-02
3.266654172702475323e-02
3.171540346763846580e-02
4.096974308209230808e-02
2.910623884241251777e-02
3.664970130005130305e-02
3.137283881463097390e-02
2.951055681458450083e-02
2.650177957651569244e-02
2.991351131095496343e-02
3.126612198589599767e-02
2.882761602686715122e-02
2.530567964103581924e-02
3.878920977840663586e-02
3.995712069870363536e-02
3.233898865565943553e-02
3.612102573226454172e-02
3.277846994258292596e-02
3.666770399529890867e-02
3.325209659504506365e-02
3.791198973101689990e-02
3.335659753283078122e-02
2.638327830671112831e-02
2.528791838615740417e-02
3.920770196441464295e-02
2.593012115915407922e-02
3.768032637868758139e-02
3.277846994258292596e-02
3.270777086276902001e-02
4.175901285538714813e-02
3.814463548947018279e-02
3.316875572509880854e-02
2.756097038564557164e-02
2.772953856763932245e-02
2.398527978362861857e-02
2.809361645902384505e-02
3.735536571617534968e-02
3.513101086789231775e-02
2.183072905394501523e-02
3.194706681996778430e-02
3.870125950431173301e-02
3.519797204107173727e-02
2.979501004115040277e-02
3.091049632596613514e-02
3.369716680566103850e-02
2.825821413542607685e-02
3.792528321581815909e-02
2.772953856763932245e-02
3.007810898735719524e-02
3.719737289589847978e-02
3.714929413121280388e-02
3.100405660752138595e-02
3.331111601596120630e-02
3.012753709072183220e-02
2.574107553371445326e-02
3.484780914336779722e-02
3.181329330447088544e-02
2.924833177811602888e-02
3.691029550555936789e-02
2.609494941433064888e-02
2.580517463555973695e-02
3.007810898735719524e-02
3.055571408395163849e-02
3.543971577550759228e-02
2.601969157577988315e-02
2.667305308548204024e-02
2.649790391070111148e-02
2.924833177811602888e-02
3.243389596857147034e-02
3.995712069870363536e-02
3.240543051538501834e-02
3.353917398538416861e-02
2.346802353422628579e-02
3.791198973101689990e-02
3.156563353407841610e-02
2.353212263607156948e-02
3.006718082942605105e-02
2.827359566376113839e-02
3.131370047330937767e-02
3.642301202864522275e-02
3.011263842719916900e-02
3.492432089641031578e-02
2.904651257427879121e-02
3.187727195372992012e-02
2.936683304792059301e-02
2.751289162095989921e-02
2.348578478910470085e-02
3.438251340102070619e-02
3.054802465690707736e-02
3.050541794309475849e-02
3.237676694825383783e-02
3.301013329491224446e-02
3.790204397920972357e-02
2.894611729667171535e-02
3.777585328236059137e-02
2.586230365587736946e-02
3.057237911627417801e-02
2.769066196265338245e-02
2.958832006966839040e-02
3.797336198050382805e-02
3.067421535375620609e-02
2.601969157577988315e-02
3.719737289589847978e-02
3.115779704667295119e-02
2.410378105343318270e-02
2.771463990411665926e-02
4.119146068261445026e-02
3.608214912727860518e-02
3.193441574118800752e-02
3.322316574186630345e-02
2.927320184568486458e-02
2.944622713396488276e-02
3.558180871121109645e-02
3.008866048573589566e-02
3.170447530970732508e-02
2.646933818020752102e-02
4.091780953795301490e-02
3.252632237332779563e-02
2.840030707112958797e-02
2.646897305752235127e-02
2.645370081183002001e-02
2.832167442844681082e-02
3.115779704667295119e-02
4.054902733084343736e-02
3.301013329491224446e-02
3.171540346763846580e-02
3.643666885309723713e-02
3.421555039774835938e-02
3.349109522069849965e-02
3.719737289589847978e-02
3.458433260485795080e-02
2.958187481587861226e-02
3.100405660752138595e-02
3.575459605591328749e-02
2.928883921406236560e-02
3.792528321581815909e-02
2.916501384408335534e-02
3.479937437281596657e-02
2.464944332827640264e-02
3.550142428921465587e-02
2.772953856763932245e-02
2.904651257427879121e-02
2.346802353422628579e-02
2.225144480519389290e-02
2.544158790462849179e-02
2.803152486402000348e-02
3.137283881463097390e-02
2.427505456239953049e-02
2.744246911584100751e-02
2.773611956042650040e-02
2.483167857724108071e-02
2.486060943041984092e-02
3.114785129486577139e-02
2.422872757702752497e-02
2.932128061037053701e-02
4.319086153744118584e-02
2.646933818020752102e-02
3.814463548947018279e-02
2.753203953246681143e-02
3.426708430530384791e-02
3.320292801435968666e-02
3.791198973101689990e-02
3.500482017104319249e-02
3.132476004994529800e-02
2.470236351813709375e-02
3.340205513060389569e-02
3.193179457427544610e-02
4.054902733084343736e-02
3.643666885309723713e-02
2.874723160487070717e-02
3.383307506925371105e-02
2.826030217895987920e-02
3.171927913345305022e-02
2.946337354607404813e-02
3.178236464081788532e-02
2.633519954202545588e-02
3.664970130005130305e-02
3.171927913345305022e-02
3.954991382120787158e-02
3.091680686401666184e-02
3.194706681996778430e-02
3.007810898735719524e-02
2.722967710032359046e-02
2.467800905876999309e-02
3.971624721457051727e-02
2.722967710032359046e-02
3.301013329491224446e-02
3.308442674455512600e-02
3.065621265850859006e-02
2.946337354607404813e-02
2.592367590536430108e-02
3.766468901031008731e-02
3.340205513060389569e-02
2.710993712458943661e-02
3.092613369434363615e-02
3.743799973890400701e-02
4.314278277275551687e-02
2.930385561971225739e-02
3.091049632596613514e-02
2.455950778896542896e-02
3.335397636591821979e-02
3.191850108947419384e-02
3.039935382799416330e-02
3.414858303549928031e-02
3.600252446245998106e-02
3.771276777499576321e-02
2.694297412131708980e-02
3.143220174311394527e-02
3.193179457427544610e-02
3.475129560813029761e-02
3.085038708905029833e-02
2.803152486402000348e-02
3.754320752390731541e-02
3.149778533822530924e-02
3.181591447138344686e-02
2.474210816061527679e-02
3.042952338710251323e-02
3.060117303183140097e-02
3.918113161409829404e-02
2.936683304792059301e-02
2.773611956042650040e-02
3.499389201311205178e-02
3.144451109736130096e-02
2.857733508956213087e-02
3.109309669761598297e-02
2.398527978362861857e-02
3.294703812457668024e-02
2.464944332827640264e-02
2.827359566376113839e-02
2.575709587087406452e-02
2.815509439395657426e-02
2.921953786255880592e-02
2.410378105343318270e-02
3.259327232311698408e-02
2.580517463555973695e-02
2.921309260876902777e-02
2.887954957100644440e-02
2.410378105343318270e-02
2.910623884241251777e-02
3.790204397920972357e-02
2.932128061037053701e-02
3.006455966251349657e-02
3.748607850358968291e-02
2.928883921406236560e-02
2.601969157577988315e-02
2.635083691040295689e-02
2.464944332827640264e-02
2.803152486402000348e-02
2.694004060928086031e-02
3.814463548947018279e-02
2.896387855155013041e-02
2.348578478910470085e-02
2.694297412131708980e-02
3.534503664765918651e-02
2.744246911584100751e-02
2.427505456239953049e-02
2.921953786255880592e-02
3.349371638761104719e-02
2.938436611773537557e-02
2.213294353538932877e-02
3.181329330447088544e-02
2.916501384408335534e-02
3.878920977840663586e-02
3.678313309101577389e-02
3.117109053147421038e-02
2.748396076778113900e-02
2.936683304792059301e-02
3.023239082472181649e-02
2.832167442844681082e-02
3.443059216570638209e-02
2.975875488361224772e-02
2.970682133947295453e-02
2.744246911584100751e-02
3.419666180018495621e-02
2.751289162095989921e-02
2.827359566376113839e-02
3.792528321581815909e-02
3.748607850358968291e-02
3.373630789787150641e-02
3.044743259267983573e-02
4.314278277275551687e-02
3.064528450057744588e-02
3.448643657895586467e-02
2.958832006966839040e-02
3.663877314212015540e-02
4.282207933033160829e-02
2.928883921406236560e-02
2.575709587087406452e-02
3.396363205716093625e-02
3.606788664598765265e-02
3.131370047330937767e-02
3.257825591746708882e-02
3.197987333896112200e-02
3.345320895166471742e-02
3.247610751043970845e-02
3.612102573226454172e-02
3.156301236716586855e-02
2.559013286760171771e-02
2.533812103734399065e-02
2.453094205847183851e-02
2.213294353538932877e-02
2.410378105343318270e-02
2.820317315864224669e-02
3.321421332287192996e-02
3.749127397976802223e-02
3.976432597925619317e-02
3.396363205716093625e-02
2.525898753297864396e-02
3.475129560813029761e-02
2.944622713396488276e-02
3.233898865565943553e-02
2.921953786255880592e-02
3.654920272549434801e-02
2.483167857724108071e-02
3.605804830405620609e-02
2.991351131095496343e-02
3.570030998101566405e-02
2.827621683067369288e-02
2.845883381975756674e-02
3.384513078735636171e-02
3.065621265850859006e-02
3.372275857302781121e-02
2.964025361380768359e-02
3.044743259267983573e-02
2.817438059319166826e-02
2.904957195225470884e-02
3.008866048573589566e-02
3.455553868930072436e-02
2.467800905876999309e-02
3.428623221681076361e-02
3.643666885309723713e-02
2.988458045777620323e-02
3.331111601596120630e-02
2.773611956042650040e-02
3.023239082472181649e-02
2.633782070893801383e-02
2.183072905394501523e-02
2.951055681458450083e-02
3.656586775781688753e-02
2.574107553371445326e-02
3.601980788130197675e-02
2.739439035115533508e-02
3.067421535375620609e-02
3.208472707296110282e-02
3.768032637868758139e-02
2.975314832484496005e-02
2.398527978362861857e-02
3.270777086276902001e-02
2.455950778896542896e-02
2.885432050182508770e-02
3.663877314212015540e-02
3.335659753283078122e-02
3.431516306998952381e-02
3.536267422022162932e-02
3.589171491069356734e-02
2.944622713396488276e-02
3.983861942889907470e-02
3.760457977339425051e-02
3.136187707463264362e-02
2.667305308548204024e-02
2.981167507347293882e-02
3.270777086276902001e-02
4.517462025564099315e-02
3.612337826302287891e-02
4.032590290581322678e-02
2.532021183176666815e-02
4.032590290581322678e-02
3.433241426427051379e-02
3.006718082942605105e-02
3.601980788130197675e-02
3.237676694825383783e-02
2.933803913236337005e-02
3.954991382120787158e-02
3.438251340102070619e-02
2.633782070893801383e-02
3.193441574118800752e-02
3.715191529812536531e-02
3.760457977339425051e-02
2.994099013257692579e-02
3.068380705456006177e-02
3.240543051538501834e-02
2.874723160487070717e-02
2.921309260876902777e-02
3.178236464081788532e-02
3.878920977840663586e-02
2.557449549922421669e-02
2.348578478910470085e-02
3.345320895166471742e-02
2.587559714067862865e-02
3.322316574186630345e-02
3.085038708905029833e-02
2.724225509072517384e-02
3.543971577550759228e-02
2.694297412131708980e-02
2.873100460803321848e-02
3.377083733771348018e-02
2.525898753297864396e-02
3.372537973994035876e-02
3.259327232311698408e-02
3.193441574118800752e-02
3.336752569076192193e-02
3.372960820196921339e-02
3.612337826302287891e-02
2.909459133896446364e-02
3.712249177265843775e-02
3.664970130005130305e-02
3.335659753283078122e-02
2.559013286760171771e-02
3.215754016621821809e-02
3.426708430530384791e-02
3.193179457427544610e-02
3.612102573226454172e-02
3.755650100870857461e-02
3.308442674455512600e-02
3.018045728058252331e-02
4.188520355223626646e-02
2.832167442844681082e-02
3.277846994258292596e-02
2.411022630722296084e-02
3.322316574186630345e-02
3.067421535375620609e-02
3.080230832436462590e-02
3.006718082942605105e-02
3.249526821805840543e-02
2.756097038564557164e-02
3.575459605591328749e-02
3.771276777499576321e-02
3.301013329491224446e-02
3.167120036876738126e-02
3.340205513060389569e-02
2.746894436213124721e-02
2.749959813615864002e-02
3.057237911627417801e-02
3.079830559421209771e-02
2.932795644293465301e-02
2.486060943041984092e-02
3.423815345212508771e-02
2.725860795350235066e-02
2.916501384408335534e-02
2.692733675293958878e-02
2.486060943041984092e-02
2.667305308548204024e-02
3.081621479978942021e-02
3.094116132338376249e-02
2.570863413740628184e-02
3.433241426427051379e-02
3.110066802635531868e-02
3.842042757129704444e-02
3.201318021732259267e-02
2.486060943041984092e-02
3.076813603510374778e-02
3.372275857302781121e-02
3.010371494876567036e-02
2.744246911584100751e-02
2.772953856763932245e-02
3.294703812457668024e-02
2.589474505218554087e-02
3.007810898735719524e-02
2.829274357526805062e-02
3.131370047330937767e-02
4.319086153744118584e-02
3.664970130005130305e-02
2.587559714067862865e-02
2.569299676902878082e-02
3.431516306998952381e-02
2.171222778414045110e-02
2.817438059319166826e-02
2.464944332827640264e-02
3.245350928007069424e-02
2.824466481058237818e-02
2.422872757702752497e-02
3.331111601596120630e-02
2.171222778414045110e-02
2.879531036955637960e-02
3.416361685360906619e-02
3.438251340102070619e-02
3.052443070001454803e-02
3.558180871121109645e-02
3.589171491069356734e-02
3.878920977840663586e-02
4.517462025564099315e-02
2.739439035115533508e-02
3.191850108947419384e-02
3.870125950431173301e-02
3.112900313111572823e-02
3.105258926166964625e-02
2.334952226442172166e-02
3.245350928007069424e-02
3.407182005876244896e-02
3.576552421384443514e-02
2.362169305269737341e-02
3.421555039774835938e-02
3.244718945337272953e-02
3.504306059379741489e-02
3.325209659504506365e-02
2.832167442844681082e-02
2.874723160487070717e-02
3.846959615198242144e-02
4.091780953795301490e-02
3.954991382120787158e-02
3.414858303549928031e-02
3.423815345212508771e-02
2.894611729667171535e-02
3.570030998101566405e-02
3.067421535375620609e-02
3.015610282121542265e-02
3.078901483956336671e-02
2.899805084081100853e-02
3.556675424818132869e-02
2.744246911584100751e-02
2.832167442844681082e-02
3.080230832436462590e-02
3.484780914336779722e-02
2.935193438439792982e-02
4.156024288972402780e-02
3.081621479978942021e-02
2.407133965712501128e-02
3.234432555194566294e-02
2.398527978362861857e-02
3.691029550555936789e-02
4.091780953795301490e-02
2.829274357526805062e-02
3.081621479978942021e-02
3.377083733771348018e-02
3.139044280512623408e-02
3.008866048573589566e-02
2.725860795350235066e-02
3.425379082050258872e-02
3.678313309101577389e-02
2.334952226442172166e-02
2.525898753297864396e-02
3.719737289589847978e-02
3.320292801435968666e-02
3.971624721457051727e-02
2.824466481058237818e-02
3.643666885309723713e-02
2.395283838732044715e-02
3.712249177265843775e-02
3.144713226427385544e-02
3.171927913345305022e-02
2.932795644293465301e-02
3.934746500746093278e-02
2.557449549922421669e-02
3.499389201311205178e-02
2.213294353538932877e-02
3.537360237815277697e-02
2.183072905394501523e-02
2.530567964103581924e-02
3.878920977840663586e-02
3.780678194601359843e-02
2.467800905876999309e-02
3.755650100870857461e-02
2.979501004115040277e-02
4.032590290581322678e-02
3.679179423575480723e-02
3.204211107050135288e-02
3.480605020538007910e-02
3.203664830827543386e-02
2.748396076778113900e-02
2.873100460803321848e-02
2.868552309116364010e-02
2.886812346281348793e-02
2.225144480519389290e-02
3.915962319972896705e-02
2.609494941433064888e-02
2.404240880394625107e-02
3.600252446245998106e-02
3.003760155141085852e-02
2.935193438439792982e-02
2.395283838732044715e-02
3.114785129486577139e-02
3.092613369434363615e-02
3.971624721457051727e-02
3.000903582091726807e-02
2.570863413740628184e-02
3.939554377214660175e-02
3.156563353407841610e-02
2.936683304792059301e-02
3.073708129542407352e-02
2.422872757702752497e-02
2.909978681514280296e-02
2.932128061037053701e-02
4.156024288972402780e-02
3.534503664765918651e-02
3.536267422022162932e-02
2.820317315864224669e-02
3.915962319972896705e-02
3.257825591746708882e-02
2.529004227265831822e-02
3.682859068878889530e-02
3.044743259267983573e-02
3.472930787356323656e-02
2.532021183176666815e-02
2.932128061037053701e-02
3.715191529812536531e-02
3.369716680566103850e-02
3.144713226427385544e-02
3.266654172702475323e-02
2.692733675293958878e-02
2.532021183176666815e-02
2.927320184568486458e-02
3.215754016621821809e-02
3.321421332287192996e-02
3.519797204107173727e-02
3.735536571617534968e-02
2.645632197874257449e-02
2.592367590536430108e-02
3.015610282121542265e-02
3.171540346763846580e-02
2.638327830671112831e-02
3.215114684792746980e-02
3.215754016621821809e-02
2.873100460803321848e-02
3.768032637868758139e-02
3.064528450057744588e-02
3.678051192410322634e-02
2.365062390587613361e-02
4.554340246275058457e-02
3.414858303549928031e-02
3.193179457427544610e-02
3.537360237815277697e-02
3.003760155141085852e-02
2.868552309116364010e-02
2.736075636052973797e-02
2.530567964103581924e-02
3.232868818356816887e-02
2.832167442844681082e-02
3.161109113185153752e-02
2.714010668369778653e-02
3.313359532524049605e-02
2.768804079574082797e-02
3.678051192410322634e-02
2.953379605119293982e-02
3.934746500746093278e-02
3.006455966251349657e-02
3.475129560813029761e-02
2.854316280030125275e-02
2.772953856763932245e-02
3.499389201311205178e-02
2.728296241286945131e-02
3.563374225535038964e-02
3.105258926166964625e-02
3.073188581924573420e-02
3.068380705456006177e-02
3.234432555194566294e-02
3.679179423575480723e-02
2.899805084081100853e-02
3.416361685360906619e-02
2.584666628749986844e-02
2.739439035115533508e-02
2.650177957651569244e-02
3.743799973890400701e-02
2.809361645902384505e-02
2.921309260876902777e-02
3.643666885309723713e-02
2.667305308548204024e-02
2.692733675293958878e-02
2.899805084081100853e-02
3.643666885309723713e-02
3.719737289589847978e-02
2.665157342917219910e-02
3.114785129486577139e-02
2.592367590536430108e-02
2.405570228874751026e-02
3.883891975730505153e-02
2.393720101894294613e-02
3.161109113185153752e-02
3.790204397920972357e-02
3.754320752390731541e-02
3.842042757129704444e-02
2.932795644293465301e-02
3.105258926166964625e-02
2.944622713396488276e-02
3.243389596857147034e-02
2.546306756093833293e-02
3.714929413121280388e-02
3.279997351798923100e-02
2.874723160487070717e-02
2.453094205847183851e-02
2.604862242895864335e-02
3.563374225535038964e-02
3.011263842719916900e-02
3.492432089641031578e-02
3.357171022146927808e-02
3.073708129542407352e-02
3.245350928007069424e-02
3.414858303549928031e-02
2.736075636052973797e-02
3.154971888236460242e-02
2.724225509072517384e-02
3.010371494876567036e-02
3.308442674455512600e-02
2.748396076778113900e-02
2.859509634444054593e-02
3.735536571617534968e-02
3.144713226427385544e-02
3.883891975730505153e-02
3.760457977339425051e-02
2.395283838732044715e-02
3.327645105441216083e-02
3.117109053147421038e-02
3.044743259267983573e-02
2.955601441235761878e-02
3.067421535375620609e-02
2.887954957100644440e-02
2.927320184568486458e-02
2.824466481058237818e-02
3.052443070001454803e-02
3.768032637868758139e-02
3.870125950431173301e-02
3.301013329491224446e-02
2.815771556086913222e-02
3.558180871121109645e-02
3.479937437281596657e-02
2.728296241286945131e-02
3.448643657895586467e-02
2.809361645902384505e-02
2.771463990411665926e-02
3.215114684792746980e-02
2.938436611773537557e-02
3.204211107050135288e-02
3.368152943728353749e-02
