2.397996970511393280e-02
2.189056304024605132e-02
2.423669348553117789e-02
2.461990324105669745e-02
2.140335038184779104e-02
2.533077200855836375e-02
2.303592112630462735e-02
2.533077200855836375e-02
2.027964286236209196e-02
2.533745972964426135e-02
2.443237044704451438e-02
3.154285015770827427e-02
2.794916879649431488e-02
2.884300794439407373e-02
2.001358878219380508e-02
2.519258627302333256e-02
2.388516843225889363e-02
2.581798466695662403e-02
1.814177101173850351e-02
2.864569522490408027e-02
2.228265438773807672e-02
2.562645508518516732e-02
2.606550681735616756e-02
1.953822033247839055e-02
2.611366774358342760e-02
2.699402692482367680e-02
1.954490805356428815e-02
2.611366774358342760e-02
2.228265438773807672e-02
2.706440404347863066e-02
2.181397365910856326e-02
2.097616929077185388e-02
2.237156343616177739e-02
2.189056304024605132e-02
2.564498701495391414e-02
2.142188231161653786e-02
2.533745972964426135e-02
2.027964286236209196e-02
2.655271947575442784e-02
2.140335038184779104e-02
2.386663650249014682e-02
2.622461115645812260e-02
2.676203324576593295e-02
2.386663650249014682e-02
1.814177101173850351e-02
2.416631636687622403e-02
2.655271947575442784e-02
2.042421205945457729e-02
2.096948156968595628e-02
2.894137830153088037e-02
2.230118631750682354e-02
2.721443398769651106e-02
2.655271947575442784e-02
2.884300794439407373e-02
2.237156343616177739e-02
2.967772010833887031e-02
2.115894686825238111e-02
2.794916879649431488e-02
2.707624825216147987e-02
2.579945273718787721e-02
2.966587589965602109e-02
2.398665742619983041e-02
2.556276568761611107e-02
2.466905749661628053e-02
2.461990324105669745e-02
2.614907755020621713e-02
2.794916879649431488e-02
2.884300794439407373e-02
2.779405812920072300e-02
2.564498701495391414e-02
2.863385101622123105e-02
2.097616929077185388e-02
2.001358878219380508e-02
2.181397365910856326e-02
2.001358878219380508e-02
2.593400880290703397e-02
2.864569522490408027e-02
2.310629824495958121e-02
2.461990324105669745e-02
2.852879293799852681e-02
2.466905749661628053e-02
2.593400880290703397e-02
3.154285015770827427e-02
2.449605984461357064e-02
2.328701236098593835e-02
2.096948156968595628e-02
2.607219453844206516e-02
2.215661712041434167e-02
2.427725977975091903e-02
2.511705266677142709e-02
2.586363168425208012e-02
2.676872096685183056e-02
2.141003810293368864e-02
2.115894686825238111e-02
2.236487571507587979e-02
2.593400880290703397e-02
2.719590205792776424e-02
2.416631636687622403e-02
2.388516843225889363e-02
2.501199458854872285e-02
2.076016779967445464e-02
2.863385101622123105e-02
1.888319354162220839e-02
2.696603368634182402e-02
2.607219453844206516e-02
2.563314280627106492e-02
2.512889687545427631e-02
2.676872096685183056e-02
2.140335038184779104e-02
2.325192261740202659e-02
2.779405812920072300e-02
2.606550681735616756e-02
2.810827313559626991e-02
2.894137830153088037e-02
2.367910370847796375e-02
2.808974120582752310e-02
2.230118631750682354e-02
3.051082527427348076e-02
2.376132503581576683e-02
2.706440404347863066e-02
2.376132503581576683e-02
2.443237044704451438e-02
2.076016779967445464e-02
2.809642892691342070e-02
2.189056304024605132e-02
2.779405812920072300e-02
2.519258627302333256e-02
2.966587589965602109e-02
2.749676805456373677e-02
2.562645508518516732e-02
2.369763563824671057e-02
2.443237044704451438e-02
2.965918817857012349e-02
2.512889687545427631e-02
2.388516843225889363e-02
2.580614045827377828e-02
2.230118631750682354e-02
2.655271947575442784e-02
2.519927399410923016e-02
2.310629824495958121e-02
2.699402692482367680e-02
2.501199458854872285e-02
2.810827313559626991e-02
2.096948156968595628e-02
2.607219453844206516e-02
2.592732108182113637e-02
2.705771632239273305e-02
2.780074585028662060e-02
2.140335038184779104e-02
2.398665742619983041e-02
2.423669348553117789e-02
2.852879293799852681e-02
2.809642892691342070e-02
2.689565656768687016e-02
2.751011706432331463e-02
2.586363168425208012e-02
2.182066138019446086e-02
2.376801275690166443e-02
2.376801275690166443e-02
2.750345577564963437e-02
2.721443398769651106e-02
2.696603368634182402e-02
2.611366774358342760e-02
2.142188231161653786e-02
2.779405812920072300e-02
2.237156343616177739e-02
2.228934210882397779e-02
2.696603368634182402e-02
2.676203324576593295e-02
2.511036494568552949e-02
2.283461161905535677e-02
2.141003810293368864e-02
2.501199458854872285e-02
2.255539618899226467e-02
2.367910370847796375e-02
2.215661712041434167e-02
2.556276568761611107e-02
2.215661712041434167e-02
2.443237044704451438e-02
2.967772010833887031e-02
2.564498701495391414e-02
2.416631636687622403e-02
2.367910370847796375e-02
2.215661712041434167e-02
1.888319354162220839e-02
2.215661712041434167e-02
2.386663650249014682e-02
2.562645508518516732e-02
2.907956403706591156e-02
2.586363168425208012e-02
2.519927399410923016e-02
2.556276568761611107e-02
2.593400880290703397e-02
2.367910370847796375e-02
2.676203324576593295e-02
1.887650582053630732e-02
2.511036494568552949e-02
2.864569522490408027e-02
2.303592112630462735e-02
2.041752433836867622e-02
2.427725977975091903e-02
2.171090409956965769e-02
2.236487571507587979e-02
2.368579142956386135e-02
2.076016779967445464e-02
2.780074585028662060e-02
2.141003810293368864e-02
2.721443398769651106e-02
3.154285015770827427e-02
2.309961052387368360e-02
2.564498701495391414e-02
2.115225914716648004e-02
2.140335038184779104e-02
2.637972182375171795e-02
2.171090409956965769e-02
2.616092175888906635e-02
2.398665742619983041e-02
2.853548065908442441e-02
2.780074585028662060e-02
2.394101040890437779e-02
2.115225914716648004e-02
2.593400880290703397e-02
2.283461161905535677e-02
2.699402692482367680e-02
2.027295514127619436e-02
2.443237044704451438e-02
2.189056304024605132e-02
2.655271947575442784e-02
2.171090409956965769e-02
2.398665742619983041e-02
2.533745972964426135e-02
3.051082527427348076e-02
2.581798466695662403e-02
2.622461115645812260e-02
2.802605180825846684e-02
1.953822033247839055e-02
2.228934210882397779e-02
2.255539618899226467e-02
2.328701236098593835e-02
2.283461161905535677e-02
2.676203324576593295e-02
1.887650582053630732e-02
2.655271947575442784e-02
2.637972182375171795e-02
2.809642892691342070e-02
2.907956403706591156e-02
2.719590205792776424e-02
2.863385101622123105e-02
2.749676805456373677e-02
2.533077200855836375e-02
2.236487571507587979e-02
2.002543299087665082e-02
2.325192261740202659e-02
2.310629824495958121e-02
2.328701236098593835e-02
2.285314354882410359e-02
2.720258977901366185e-02
2.707624825216147987e-02
2.519927399410923016e-02
2.863385101622123105e-02
2.115225914716648004e-02
1.954490805356428815e-02
2.467574521770218160e-02
2.512889687545427631e-02
2.368579142956386135e-02
1.814845873282440458e-02
2.398665742619983041e-02
2.467574521770218160e-02
2.310629824495958121e-02
2.358787835762190740e-02
2.581798466695662403e-02
2.285314354882410359e-02
2.802605180825846684e-02
2.000690106110790401e-02
2.471827359819350409e-02
1.814845873282440458e-02
2.749676805456373677e-02
2.593400880290703397e-02
2.200150645312074632e-02
2.140335038184779104e-02
2.096948156968595628e-02
2.423000576444528029e-02
2.622461115645812260e-02
2.696603368634182402e-02
2.794916879649431488e-02
2.802605180825846684e-02
2.519258627302333256e-02
2.386663650249014682e-02
2.369763563824671057e-02
2.388516843225889363e-02
2.027295514127619436e-02
2.696603368634182402e-02
2.041752433836867622e-02
2.808974120582752310e-02
1.814845873282440458e-02
2.443237044704451438e-02
2.519258627302333256e-02
2.884300794439407373e-02
2.170421637848376009e-02
2.614907755020621713e-02
2.749676805456373677e-02
2.699402692482367680e-02
2.938043003370188408e-02
2.864569522490408027e-02
2.512889687545427631e-02
2.386663650249014682e-02
2.511036494568552949e-02
2.461990324105669745e-02
2.498327250301183092e-02
2.285314354882410359e-02
2.965918817857012349e-02
2.115894686825238111e-02
1.954490805356428815e-02
2.141003810293368864e-02
2.096948156968595628e-02
2.273624126191855013e-02
2.863385101622123105e-02
2.864569522490408027e-02
2.802605180825846684e-02
2.533077200855836375e-02
2.794916879649431488e-02
2.189056304024605132e-02
2.623129887754402020e-02
2.781098306095928369e-02
2.274292898300444773e-02
2.423000576444528029e-02
2.750345577564963437e-02
2.027964286236209196e-02
2.623129887754402020e-02
2.749676805456373677e-02
2.416631636687622403e-02
2.471827359819350409e-02
2.579945273718787721e-02
2.611366774358342760e-02
2.699402692482367680e-02
2.273624126191855013e-02
2.501199458854872285e-02
2.228265438773807672e-02
2.779405812920072300e-02
2.000690106110790401e-02
1.814177101173850351e-02
2.230118631750682354e-02
2.721443398769651106e-02
2.450274756569946824e-02
3.051082527427348076e-02
2.696603368634182402e-02
2.580614045827377828e-02
2.519927399410923016e-02
2.593400880290703397e-02
2.284129934014125438e-02
2.171090409956965769e-02
2.471827359819350409e-02
2.376132503581576683e-02
2.810827313559626991e-02
2.852879293799852681e-02
2.471827359819350409e-02
2.864569522490408027e-02
2.498327250301183092e-02
2.200150645312074632e-02
2.228934210882397779e-02
1.888319354162220839e-02
2.002543299087665082e-02
2.689565656768687016e-02
2.328701236098593835e-02
2.096948156968595628e-02
2.498327250301183092e-02
2.809642892691342070e-02
2.394101040890437779e-02
1.953822033247839055e-02
2.511036494568552949e-02
2.228265438773807672e-02
2.394101040890437779e-02
2.707624825216147987e-02
2.512889687545427631e-02
2.189056304024605132e-02
2.309961052387368360e-02
2.388516843225889363e-02
2.721443398769651106e-02
2.706440404347863066e-02
2.533077200855836375e-02
2.388516843225889363e-02
2.215661712041434167e-02
2.042421205945457729e-02
2.696603368634182402e-02
2.096948156968595628e-02
2.328701236098593835e-02
2.579945273718787721e-02
1.954490805356428815e-02
2.358787835762190740e-02
2.228265438773807672e-02
2.466905749661628053e-02
2.533745972964426135e-02
2.000690106110790401e-02
2.907956403706591156e-02
2.938043003370188408e-02
2.501199458854872285e-02
2.498327250301183092e-02
2.689565656768687016e-02
2.310629824495958121e-02
2.076016779967445464e-02
2.794916879649431488e-02
2.466905749661628053e-02
2.283461161905535677e-02
2.324523489631612899e-02
2.367910370847796375e-02
2.367910370847796375e-02
2.394101040890437779e-02
2.310629824495958121e-02
2.001358878219380508e-02
2.498327250301183092e-02
2.230118631750682354e-02
2.695934596525592641e-02
2.254870846790636707e-02
2.200819417420664392e-02
2.141003810293368864e-02
2.863385101622123105e-02
2.393432268781847672e-02
2.461990324105669745e-02
2.284129934014125438e-02
2.358787835762190740e-02
2.607219453844206516e-02
2.562645508518516732e-02
2.450274756569946824e-02
2.387332422357604442e-02
1.953822033247839055e-02
2.358787835762190740e-02
2.416631636687622403e-02
2.423669348553117789e-02
2.237156343616177739e-02
2.041752433836867622e-02
2.000690106110790401e-02
2.637972182375171795e-02
2.189056304024605132e-02
2.802605180825846684e-02
2.809642892691342070e-02
2.189056304024605132e-02
2.586363168425208012e-02
2.581798466695662403e-02
2.467574521770218160e-02
2.376801275690166443e-02
2.394101040890437779e-02
2.284129934014125438e-02
2.310629824495958121e-02
2.423669348553117789e-02
2.863385101622123105e-02
2.358787835762190740e-02
2.809642892691342070e-02
3.051082527427348076e-02
2.466905749661628053e-02
2.285314354882410359e-02
1.814845873282440458e-02
2.751011706432331463e-02
2.808974120582752310e-02
2.501199458854872285e-02
2.719590205792776424e-02
2.575029848162829413e-02
2.696603368634182402e-02
2.721443398769651106e-02
2.586363168425208012e-02
2.387332422357604442e-02
2.556276568761611107e-02
2.533077200855836375e-02
2.427725977975091903e-02
2.586363168425208012e-02
2.170421637848376009e-02
2.096948156968595628e-02
2.230118631750682354e-02
2.141003810293368864e-02
2.200819417420664392e-02
2.230118631750682354e-02
2.695934596525592641e-02
2.719590205792776424e-02
1.887650582053630732e-02
2.236487571507587979e-02
2.863385101622123105e-02
2.273624126191855013e-02
2.863385101622123105e-02
2.809642892691342070e-02
2.042421205945457729e-02
2.115225914716648004e-02
2.181397365910856326e-02
2.810827313559626991e-02
2.427725977975091903e-02
2.853548065908442441e-02
2.097616929077185388e-02
2.581798466695662403e-02
2.655271947575442784e-02
2.706440404347863066e-02
2.676203324576593295e-02
2.637972182375171795e-02
2.171090409956965769e-02
2.580614045827377828e-02
2.041752433836867622e-02
2.689565656768687016e-02
3.051082527427348076e-02
2.894137830153088037e-02
2.966587589965602109e-02
2.519258627302333256e-02
2.397996970511393280e-02
2.802605180825846684e-02
2.376801275690166443e-02
2.699402692482367680e-02
2.387332422357604442e-02
3.051082527427348076e-02
2.027964286236209196e-02
2.884300794439407373e-02
2.416631636687622403e-02
2.041752433836867622e-02
3.154285015770827427e-02
2.376801275690166443e-02
2.027964286236209196e-02
2.284129934014125438e-02
2.141003810293368864e-02
2.274292898300444773e-02
2.394101040890437779e-02
2.255539618899226467e-02
2.140335038184779104e-02
2.965918817857012349e-02
1.953822033247839055e-02
3.041245491713667412e-02
2.200150645312074632e-02
3.154285015770827427e-02
2.001358878219380508e-02
2.393432268781847672e-02
2.076016779967445464e-02
2.423000576444528029e-02
2.000690106110790401e-02
2.498327250301183092e-02
2.884300794439407373e-02
2.695934596525592641e-02
2.393432268781847672e-02
2.768311471632602452e-02
2.720258977901366185e-02
2.579945273718787721e-02
3.041245491713667412e-02
2.581798466695662403e-02
2.200819417420664392e-02
2.768311471632602452e-02
2.027964286236209196e-02
2.443237044704451438e-02
1.814177101173850351e-02
2.471827359819350409e-02
2.533077200855836375e-02
1.888319354162220839e-02
2.749676805456373677e-02
2.512889687545427631e-02
2.283461161905535677e-02
2.894137830153088037e-02
2.966587589965602109e-02
2.907956403706591156e-02
2.450274756569946824e-02
2.328701236098593835e-02
2.027964286236209196e-02
2.096948156968595628e-02
2.607219453844206516e-02
2.369763563824671057e-02
2.864569522490408027e-02
2.781098306095928369e-02
2.041752433836867622e-02
2.467574521770218160e-02
3.051082527427348076e-02
2.907956403706591156e-02
3.041245491713667412e-02
2.699402692482367680e-02
2.215661712041434167e-02
2.809642892691342070e-02
2.230118631750682354e-02
2.894137830153088037e-02
1.814845873282440458e-02
2.450274756569946824e-02
2.519927399410923016e-02
2.466905749661628053e-02
2.387332422357604442e-02
2.142188231161653786e-02
2.367910370847796375e-02
2.623129887754402020e-02
2.325192261740202659e-02
2.863385101622123105e-02
2.285314354882410359e-02
2.189056304024605132e-02
2.751011706432331463e-02
2.966587589965602109e-02
2.614238982912031953e-02
2.616092175888906635e-02
2.376801275690166443e-02
2.115225914716648004e-02
2.519258627302333256e-02
2.564498701495391414e-02
2.511036494568552949e-02
2.450274756569946824e-02
2.115225914716648004e-02
2.696603368634182402e-02
2.471827359819350409e-02
1.888319354162220839e-02
2.864569522490408027e-02
2.228265438773807672e-02
2.428394750083681664e-02
2.997340318496567041e-02
2.749676805456373677e-02
2.616092175888906635e-02
2.027964286236209196e-02
2.750345577564963437e-02
2.076016779967445464e-02
2.564498701495391414e-02
2.274292898300444773e-02
2.907956403706591156e-02
2.695934596525592641e-02
2.424853769421402711e-02
2.706440404347863066e-02
2.884300794439407373e-02
2.274292898300444773e-02
2.368579142956386135e-02
2.367910370847796375e-02
2.501199458854872285e-02
2.864569522490408027e-02
2.562645508518516732e-02
2.328701236098593835e-02
2.140335038184779104e-02
2.938043003370188408e-02
2.387332422357604442e-02
2.533745972964426135e-02
2.471827359819350409e-02
2.622461115645812260e-02
1.814177101173850351e-02
2.303592112630462735e-02
2.562645508518516732e-02
2.637972182375171795e-02
2.779405812920072300e-02
2.200150645312074632e-02
2.466905749661628053e-02
1.888319354162220839e-02
2.328701236098593835e-02
2.863385101622123105e-02
2.623129887754402020e-02
2.749676805456373677e-02
2.140335038184779104e-02
2.705771632239273305e-02
2.623129887754402020e-02
2.142188231161653786e-02
2.388516843225889363e-02
2.284129934014125438e-02
2.284129934014125438e-02
2.719590205792776424e-02
1.954490805356428815e-02
3.041245491713667412e-02
2.611366774358342760e-02
2.443237044704451438e-02
2.181397365910856326e-02
2.042421205945457729e-02
2.689565656768687016e-02
2.967772010833887031e-02
2.637972182375171795e-02
2.808974120582752310e-02
2.285314354882410359e-02
2.614907755020621713e-02
2.283461161905535677e-02
2.376801275690166443e-02
2.580614045827377828e-02
2.519258627302333256e-02
2.966587589965602109e-02
2.562645508518516732e-02
2.115225914716648004e-02
2.309961052387368360e-02
2.614238982912031953e-02
2.750345577564963437e-02
2.027295514127619436e-02
2.170421637848376009e-02
2.794916879649431488e-02
2.368579142956386135e-02
2.274292898300444773e-02
2.719590205792776424e-02
2.182066138019446086e-02
2.676203324576593295e-02
2.749676805456373677e-02
2.511036494568552949e-02
2.586363168425208012e-02
2.580614045827377828e-02
2.586363168425208012e-02
2.563314280627106492e-02
2.449605984461357064e-02
2.749676805456373677e-02
2.616092175888906635e-02
2.001358878219380508e-02
2.171090409956965769e-02
2.707624825216147987e-02
2.575029848162829413e-02
2.303592112630462735e-02
2.215661712041434167e-02
2.580614045827377828e-02
2.696603368634182402e-02
2.780074585028662060e-02
3.154285015770827427e-02
2.230118631750682354e-02
2.556276568761611107e-02
2.228265438773807672e-02
2.387332422357604442e-02
2.967772010833887031e-02
2.324523489631612899e-02
2.423669348553117789e-02
2.393432268781847672e-02
2.689565656768687016e-02
2.997340318496567041e-02
1.953822033247839055e-02
3.154285015770827427e-02
2.623129887754402020e-02
1.814845873282440458e-02
2.376132503581576683e-02
2.689565656768687016e-02
1.814177101173850351e-02
2.676203324576593295e-02
2.562645508518516732e-02
2.324523489631612899e-02
2.579945273718787721e-02
2.189056304024605132e-02
2.965918817857012349e-02
1.888319354162220839e-02
2.376132503581576683e-02
2.501868230963462045e-02
2.607219453844206516e-02
2.310629824495958121e-02
2.779405812920072300e-02
2.592732108182113637e-02
2.563314280627106492e-02
2.471827359819350409e-02
2.416631636687622403e-02
2.699402692482367680e-02
2.967772010833887031e-02
2.614907755020621713e-02
2.864569522490408027e-02
2.170421637848376009e-02
2.388516843225889363e-02
2.938043003370188408e-02
2.614238982912031953e-02
2.719590205792776424e-02
1.887650582053630732e-02
2.563314280627106492e-02
2.115894686825238111e-02
2.511036494568552949e-02
2.810827313559626991e-02
2.655271947575442784e-02
2.027295514127619436e-02
2.450274756569946824e-02
2.467574521770218160e-02
2.027964286236209196e-02
2.076016779967445464e-02
2.696603368634182402e-02
2.466905749661628053e-02
2.283461161905535677e-02
2.369763563824671057e-02
2.779405812920072300e-02
2.853548065908442441e-02
2.424853769421402711e-02
2.140335038184779104e-02
2.189056304024605132e-02
2.706440404347863066e-02
3.154285015770827427e-02
2.424853769421402711e-02
2.324523489631612899e-02
2.611366774358342760e-02
2.794916879649431488e-02
2.614907755020621713e-02
2.368579142956386135e-02
2.283461161905535677e-02
2.533077200855836375e-02
2.721443398769651106e-02
2.097616929077185388e-02
2.416631636687622403e-02
2.367910370847796375e-02
2.424853769421402711e-02
2.579945273718787721e-02
2.519258627302333256e-02
2.967772010833887031e-02
2.423000576444528029e-02
2.699402692482367680e-02
2.511036494568552949e-02
2.808974120582752310e-02
2.273624126191855013e-02
3.051082527427348076e-02
2.623129887754402020e-02
2.501199458854872285e-02
2.997340318496567041e-02
2.637972182375171795e-02
2.423669348553117789e-02
2.575029848162829413e-02
2.563314280627106492e-02
2.511705266677142709e-02
2.393432268781847672e-02
2.705771632239273305e-02
2.512889687545427631e-02
2.556276568761611107e-02
2.310629824495958121e-02
2.236487571507587979e-02
2.614907755020621713e-02
2.182066138019446086e-02
2.386663650249014682e-02
2.393432268781847672e-02
2.041752433836867622e-02
2.255539618899226467e-02
2.096948156968595628e-02
2.397996970511393280e-02
2.779405812920072300e-02
2.358787835762190740e-02
2.254870846790636707e-02
2.794916879649431488e-02
2.325192261740202659e-02
2.368579142956386135e-02
2.042421205945457729e-02
2.376801275690166443e-02
2.376801275690166443e-02
2.397996970511393280e-02
2.471827359819350409e-02
2.696603368634182402e-02
2.802605180825846684e-02
2.862716329513533345e-02
2.303592112630462735e-02
2.511705266677142709e-02
2.097616929077185388e-02
2.564498701495391414e-02
2.614238982912031953e-02
1.953822033247839055e-02
2.449605984461357064e-02
1.887650582053630732e-02
2.884300794439407373e-02
2.562645508518516732e-02
2.368579142956386135e-02
2.556276568761611107e-02
1.887650582053630732e-02
2.394101040890437779e-02
2.398665742619983041e-02
2.809642892691342070e-02
2.273624126191855013e-02
2.428394750083681664e-02
2.511036494568552949e-02
2.467574521770218160e-02
2.237156343616177739e-02
2.707624825216147987e-02
2.750345577564963437e-02
2.699402692482367680e-02
2.416631636687622403e-02
2.563314280627106492e-02
2.324523489631612899e-02
2.519258627302333256e-02
2.228934210882397779e-02
2.689565656768687016e-02
2.862716329513533345e-02
2.369763563824671057e-02
2.852879293799852681e-02
2.720258977901366185e-02
2.689565656768687016e-02
2.000690106110790401e-02
2.575029848162829413e-02
2.283461161905535677e-02
2.676203324576593295e-02
2.228934210882397779e-02
2.387332422357604442e-02
2.676203324576593295e-02
2.938043003370188408e-02
2.303592112630462735e-02
2.328701236098593835e-02
2.967772010833887031e-02
2.719590205792776424e-02
2.461990324105669745e-02
2.719590205792776424e-02
2.388516843225889363e-02
1.953822033247839055e-02
2.689565656768687016e-02
2.328701236098593835e-02
2.780074585028662060e-02
2.237156343616177739e-02
2.862716329513533345e-02
2.519927399410923016e-02
3.051082527427348076e-02
2.751011706432331463e-02
2.607219453844206516e-02
2.273624126191855013e-02
2.376801275690166443e-02
2.997340318496567041e-02
2.581798466695662403e-02
2.097616929077185388e-02
2.115894686825238111e-02
2.237156343616177739e-02
2.303592112630462735e-02
1.954490805356428815e-02
2.564498701495391414e-02
2.706440404347863066e-02
2.707624825216147987e-02
2.511705266677142709e-02
2.215661712041434167e-02
2.189056304024605132e-02
2.416631636687622403e-02
2.593400880290703397e-02
2.041752433836867622e-02
2.533077200855836375e-02
2.428394750083681664e-02
2.386663650249014682e-02
2.097616929077185388e-02
2.749676805456373677e-02
2.358787835762190740e-02
2.328701236098593835e-02
2.200819417420664392e-02
2.471827359819350409e-02
2.864569522490408027e-02
2.002543299087665082e-02
1.814845873282440458e-02
2.254870846790636707e-02
2.751011706432331463e-02
2.367910370847796375e-02
2.695934596525592641e-02
2.096948156968595628e-02
2.556276568761611107e-02
2.397996970511393280e-02
2.200819417420664392e-02
2.637972182375171795e-02
2.808974120582752310e-02
2.285314354882410359e-02
2.042421205945457729e-02
2.607219453844206516e-02
2.699402692482367680e-02
2.720258977901366185e-02
2.237156343616177739e-02
2.808974120582752310e-02
2.324523489631612899e-02
2.471827359819350409e-02
2.655271947575442784e-02
2.182066138019446086e-02
2.802605180825846684e-02
3.051082527427348076e-02
2.310629824495958121e-02
2.498327250301183092e-02
2.794916879649431488e-02
2.141003810293368864e-02
2.142188231161653786e-02
2.562645508518516732e-02
2.236487571507587979e-02
2.388516843225889363e-02
2.616092175888906635e-02
2.273624126191855013e-02
2.580614045827377828e-02
2.376132503581576683e-02
2.512889687545427631e-02
2.512889687545427631e-02
2.171090409956965769e-02
2.592732108182113637e-02
2.471827359819350409e-02
2.310629824495958121e-02
2.324523489631612899e-02
2.471827359819350409e-02
2.721443398769651106e-02
2.676872096685183056e-02
2.394101040890437779e-02
2.562645508518516732e-02
3.051082527427348076e-02
2.443237044704451438e-02
2.719590205792776424e-02
2.699402692482367680e-02
2.284129934014125438e-02
2.200819417420664392e-02
2.581798466695662403e-02
2.533077200855836375e-02
2.511036494568552949e-02
2.471827359819350409e-02
2.423669348553117789e-02
2.228265438773807672e-02
2.398665742619983041e-02
2.781098306095928369e-02
2.611366774358342760e-02
2.498327250301183092e-02
2.255539618899226467e-02
2.273624126191855013e-02
2.676872096685183056e-02
2.042421205945457729e-02
2.780074585028662060e-02
2.623129887754402020e-02
2.097616929077185388e-02
2.721443398769651106e-02
2.142188231161653786e-02
2.141003810293368864e-02
2.236487571507587979e-02
1.888319354162220839e-02
2.810827313559626991e-02
3.154285015770827427e-02
2.423000576444528029e-02
2.967772010833887031e-02
2.501199458854872285e-02
2.907956403706591156e-02
2.563314280627106492e-02
1.814845873282440458e-02
2.750345577564963437e-02
2.863385101622123105e-02
2.041752433836867622e-02
2.614238982912031953e-02
2.705771632239273305e-02
2.416631636687622403e-02
2.706440404347863066e-02
2.230118631750682354e-02
2.580614045827377828e-02
2.699402692482367680e-02
2.614907755020621713e-02
2.358787835762190740e-02
2.852879293799852681e-02
