2.807818952238599897e-02
2.605184048874253921e-02
2.160231918652744457e-02
2.427810414343135534e-02
2.708953912283362103e-02
2.939843645198817607e-02
2.985039454226039862e-02
2.040951103306504893e-02
2.599740192656476226e-02
2.084008877986086652e-02
2.650808082365816928e-02
2.053728560148126298e-02
2.621129417149420035e-02
2.895269857578885997e-02
2.499936438267086683e-02
2.703741220641566953e-02
2.776443536570937301e-02
2.583023248284363471e-02
2.690605557609256071e-02
2.607331170290199882e-02
2.470816451690825005e-02
2.195225422005537413e-02
2.767802973238729300e-02
2.358648433898453273e-02
2.950045950873246905e-02
2.685431820003353690e-02
2.047351931009545878e-02
2.229393899097426024e-02
2.655612054256463114e-02
2.049840400894197348e-02
2.354577885571489809e-02
2.625017576403348984e-02
2.845903622951883108e-02
2.459664662829803491e-02
2.728248944426164141e-02
2.695676949314778151e-02
2.119477954933497027e-02
2.636368006744264567e-02
2.440705125976313714e-02
2.411399183101168436e-02
2.382330933856799046e-02
2.502405913076009847e-02
2.725910578976231680e-02
2.363467183159182611e-02
2.358648433898453273e-02
2.676706994816401702e-02
2.681978406354967176e-02
2.247458358294745703e-02
2.241166335619753161e-02
2.685840539754502654e-02
2.603254762116748861e-02
2.714869834962979622e-02
2.845903622951883108e-02
2.591223359581039387e-02
2.117556395308568470e-02
2.397158100832839922e-02
2.460871659918413557e-02
2.036413120852781714e-02
2.163410127554761878e-02
2.693538914967136960e-02
2.762731581533207220e-02
2.119753159679866467e-02
2.541473117515494207e-02
2.119753159679866467e-02
2.615065074072810830e-02
2.002244643760892409e-02
2.971219060866479855e-02
2.138256249998218492e-02
2.607077941480392264e-02
2.416478935206078926e-02
2.639352525966142879e-02
2.863894441911223054e-02
2.494500971148086096e-02
2.414520015666578312e-02
2.494579584919232734e-02
2.660673028317098870e-02
2.217745138588751025e-02
2.674115144574815486e-02
2.578355116363604399e-02
3.088540893817653954e-02
2.203208788787690969e-02
2.360617491250978361e-02
2.314093266752124609e-02
2.685801585718609885e-02
2.721980973276919014e-02
2.052903533887222298e-02
2.821163609309903023e-02
2.154746663032659423e-02
2.472080541643975962e-02
2.536524545576544429e-02
2.578037087980240491e-02
2.700761688012430495e-02
2.085309477841608070e-02
2.454456957780750195e-02
2.498389130402015046e-02
2.551647832616700529e-02
2.508502914297875211e-02
2.293887274710773583e-02
2.100474873449944060e-02
2.508502914297875211e-02
2.568196278873670357e-02
2.589754001481757786e-02
2.329028029865792826e-02
2.420288480688861238e-02
2.616639605273927624e-02
2.502405913076009847e-02
2.445455992126265021e-02
2.470524891723203942e-02
2.928488228265159823e-02
2.496135234840004755e-02
2.607739890041348846e-02
2.821163609309903023e-02
2.535600232236536952e-02
2.335384999923288685e-02
2.247458358294745703e-02
2.722389693028067631e-02
2.765291747709915787e-02
3.006383786299800936e-02
2.505149129908881833e-02
2.460871659918413557e-02
2.656020774007612426e-02
2.733249921921468428e-02
2.325574616217405965e-02
2.616639605273927624e-02
2.578037087980240491e-02
2.599366602862820258e-02
2.215391955947636909e-02
2.499753322525135463e-02
3.113708405255057737e-02
2.375547566684043169e-02
2.138256249998218492e-02
2.135968367967937612e-02
2.349086770104917565e-02
2.419332535303591117e-02
2.234235551623191610e-02
2.154746663032659423e-02
2.475258750545993730e-02
2.416400321434932288e-02
2.381420451963000076e-02
2.470524891723203942e-02
2.854792920539575563e-02
2.521639542943322418e-02
2.722041040195905676e-02
2.746241168498766635e-02
2.241166335619753161e-02
2.012358427656752921e-02
2.410132350285686814e-02
2.566640628952897990e-02
2.194400395744633067e-02
2.623773856540651678e-02
2.349748718665874148e-02
2.288482923635323449e-02
2.829639042983032524e-02
2.401243052697994360e-02
2.685431820003353690e-02
2.186718375753250385e-02
2.053728560148126298e-02
2.310750152257470130e-02
2.985039454226039862e-02
2.143807852875894912e-02
2.005957599953711937e-02
2.646091836908311470e-02
2.765291747709915787e-02
2.687396189675274674e-02
2.480888934687033864e-02
2.329028029865792826e-02
2.108667097720875669e-02
2.778862337725584303e-02
2.406327791395646704e-02
2.535205146366248732e-02
2.733249921921468428e-02
2.649979996162240420e-02
2.656122920502212992e-02
2.499753322525135463e-02
2.728581790000709356e-02
2.349086770104917565e-02
2.536524545576544429e-02
2.218455088940661860e-02
2.625017576403348984e-02
2.411399183101168436e-02
2.315218465981188495e-02
2.708953912283362103e-02
2.234235551623191610e-02
2.649979996162240420e-02
2.668941406968913105e-02
2.377469126308971725e-02
2.589754001481757786e-02
2.234235551623191610e-02
2.206502658359944802e-02
2.854792920539575563e-02
2.154746663032659423e-02
2.885657256197823178e-02
2.498389130402015046e-02
2.325032076908888773e-02
2.722041040195905676e-02
2.619573767228648015e-02
2.217745138588751025e-02
2.432678535284643617e-02
2.156134901910037802e-02
2.178801356228687869e-02
2.406327791395646704e-02
2.454326038656384074e-02
2.334591866749241573e-02
2.499753322525135463e-02
2.796667163377578730e-02
2.334591866749241573e-02
2.603189782226463314e-02
2.899093036942528706e-02
2.492428138493672785e-02
2.569768709328425910e-02
2.681978406354967176e-02
2.687396189675274674e-02
2.278829691830533064e-02
2.152549898661361427e-02
2.847448855227768805e-02
2.527240578938869109e-02
2.406717890673192722e-02
2.511295210663702648e-02
2.214566929686733257e-02
2.725929199449834278e-02
2.746472053242886985e-02
2.590840757255759297e-02
2.178801356228687869e-02
2.300391496570495728e-02
2.856157112662695979e-02
2.286340020901467263e-02
2.379620572734530981e-02
2.646440489740473773e-02
2.594936220765829693e-02
2.589754001481757786e-02
2.300391496570495728e-02
2.676706994816401702e-02
2.732137103680093090e-02
2.578355116363604399e-02
2.757304615117497221e-02
2.767802973238729300e-02
2.304973336669764380e-02
2.440886367765082027e-02
2.290709065808755815e-02
2.640177552227046878e-02
2.560767743673941083e-02
2.339273159177217287e-02
2.325574616217405965e-02
2.499753322525135463e-02
2.850983375056793251e-02
2.981421366540909848e-02
2.396247421373693190e-02
2.604811584361997959e-02
2.345198610850988616e-02
2.475258750545993730e-02
2.920650759550616135e-02
2.336854358022570285e-02
2.465767961175197379e-02
2.160023061163966404e-02
2.309280794158188183e-02
2.304279655824424330e-02
2.624747504834550743e-02
2.434353590238750101e-02
2.762731581533207220e-02
2.475258750545993730e-02
2.784443233955809921e-02
2.786594680381369524e-02
2.579200068920720068e-02
2.168215285434898013e-02
2.660011079756141941e-02
2.681978406354967176e-02
3.016414869893702805e-02
2.992776783474567284e-02
2.330313608217766952e-02
2.151724872400457428e-02
2.756774914634478948e-02
2.596294751286561120e-02
2.551878446086248281e-02
2.776705904707282846e-02
2.490691425665304132e-02
2.601374503391471610e-02
2.154746663032659423e-02
2.349748718665874148e-02
2.586419387690392854e-02
2.049840400894197348e-02
2.725929199449834278e-02
2.551878446086248281e-02
2.609726449899391759e-02
2.215786624997619775e-02
3.024152199142229880e-02
2.487081031659675243e-02
2.029673866952097505e-02
2.356729331997049759e-02
2.492247075586076152e-02
2.409716043775931779e-02
1.978189950564863964e-02
2.778862337725584303e-02
2.004294156329964119e-02
2.134046808343009055e-02
2.304973336669764380e-02
2.604811584361997959e-02
2.586419387690392854e-02
2.728248944426164141e-02
2.310750152257470130e-02
2.127317439841454327e-02
2.652632586713114804e-02
2.375138846932893857e-02
2.500211643013455776e-02
2.320363944988129701e-02
2.379912132702152044e-02
2.310750152257470130e-02
2.516835571052675885e-02
2.606108362214261398e-02
2.518987017478235835e-02
2.121966424818148497e-02
2.336562798054949569e-02
2.864099533589735749e-02
2.528669448239975401e-02
1.994680363599304548e-02
2.304279655824424330e-02
2.343449271250077487e-02
2.631288254639354077e-02
2.806349594139317949e-02
2.609726449899391759e-02
2.143807852875894912e-02
2.267351445929488563e-02
2.444709547128724736e-02
2.438241749492678703e-02
2.109364171037636515e-02
2.646091836908311470e-02
2.722389693028067631e-02
2.336562798054949569e-02
2.339273159177217287e-02
2.465767961175197379e-02
2.278829691830533064e-02
2.775322831303817656e-02
2.195225422005537413e-02
2.356729331997049759e-02
2.282451861647538660e-02
2.186718375753250385e-02
2.863894441911223054e-02
2.473369076621945509e-02
2.344352911282127777e-02
2.175397314261080448e-02
2.345743655610263087e-02
2.358648433898453273e-02
2.677467252575974066e-02
2.262285327705438470e-02
2.437703207063309299e-02
2.450568798526821593e-02
2.317711354437254970e-02
2.200067074531302305e-02
2.116965286484384645e-02
2.449180559649442868e-02
2.521639542943322418e-02
2.639121641222022530e-02
2.530138806339257002e-02
2.445455992126265021e-02
2.325702569161548772e-02
2.917032671865485774e-02
2.234436967118198433e-02
2.347337430504006089e-02
2.765291747709915787e-02
2.416400321434932288e-02
2.681852473823342908e-02
2.282717851084462013e-02
2.872207646914023971e-02
2.285304714733306028e-02
2.640177552227046878e-02
2.125854584072077447e-02
2.467938028074359927e-02
2.640177552227046878e-02
2.636368006744264567e-02
2.759953123536496716e-02
2.872207646914023971e-02
2.135968367967937612e-02
2.293887274710773583e-02
2.575683905339126722e-02
2.810860747918311059e-02
2.444339781413468887e-02
2.939843645198817607e-02
2.275334812711642118e-02
2.703414278563305226e-02
2.586419387690392854e-02
2.708082410484064298e-02
2.646440489740473773e-02
3.049319710579633663e-02
2.786183060197218106e-02
2.801859782263825538e-02
2.151724872400457428e-02
2.687396189675274674e-02
2.604552712293489031e-02
2.375138846932893857e-02
2.267351445929488563e-02
2.349759136310760818e-02
2.527240578938869109e-02
2.499753322525135463e-02
2.854792920539575563e-02
2.681978406354967176e-02
1.994680363599304548e-02
2.669572743549677649e-02
2.398029602632137727e-02
2.247458358294745703e-02
2.546474095010798147e-02
2.623773856540651678e-02
2.308649457577423639e-02
2.416400321434932288e-02
2.776692270826421755e-02
2.349086770104917565e-02
2.336562798054949569e-02
2.928488228265159823e-02
2.757304615117497221e-02
2.640177552227046878e-02
2.406327791395646704e-02
2.518987017478235835e-02
2.465767961175197379e-02
2.721980973276919014e-02
2.108667097720875669e-02
2.229393899097426024e-02
2.551469726335099317e-02
2.607739890041348846e-02
2.661521884300807606e-02
2.681852473823342908e-02
2.052903533887222298e-02
2.470816451690825005e-02
2.588547004393147721e-02
2.687396189675274674e-02
2.836028259355714842e-02
2.867717621274866457e-02
2.365618629584741867e-02
2.635956386560113149e-02
2.158422783940318682e-02
2.712303576150998027e-02
2.109364171037636515e-02
3.024152199142229880e-02
2.171509155007151845e-02
2.289114260216088340e-02
2.660673028317098870e-02
2.282451861647538660e-02
2.210382273922169641e-02
2.049015374633293696e-02
2.578037087980240491e-02
2.472080541643975962e-02
2.784443233955809921e-02
2.856157112662695979e-02
2.656122920502212992e-02
2.325574616217405965e-02
2.417869679534214236e-02
2.320298218086098985e-02
2.472080541643975962e-02
2.047351931009545878e-02
2.738734723994359910e-02
2.687191097996761979e-02
2.260235815136367107e-02
2.401651772449143324e-02
2.389837378361206119e-02
2.604580970892450553e-02
2.566794607751433921e-02
2.375138846932893857e-02
2.552250910598504244e-02
2.321686456963477363e-02
2.315218465981188495e-02
2.599407233286547825e-02
2.326695520532636591e-02
2.024460690272064309e-02
2.432678535284643617e-02
2.178801356228687869e-02
2.823143833654934848e-02
2.437703207063309299e-02
2.738734723994359910e-02
2.568196278873670357e-02
2.336562798054949569e-02
1.978189950564863964e-02
2.659370437875248350e-02
2.393641937251246229e-02
2.605184048874253921e-02
2.511295210663702648e-02
2.344274297510981139e-02
2.344274297510981139e-02
2.460871659918413557e-02
2.309280794158188183e-02
2.343300649217082421e-02
2.406717890673192722e-02
2.325509636327120766e-02
2.236181121940338315e-02
2.621129417149420035e-02
2.317711354437254970e-02
2.928488228265159823e-02
2.459664662829803491e-02
2.401523819505000518e-02
3.016414869893702805e-02
2.604811584361997959e-02
2.674346029318935836e-02
2.428480704959792846e-02
2.650808082365816928e-02
3.082332989587394795e-02
2.360617491250978361e-02
2.708953912283362103e-02
2.604580970892450553e-02
3.102252848855383688e-02
2.305343102385020576e-02
2.210390817613873404e-02
2.495865163271206513e-02
2.973370507292039805e-02
2.436566694538572220e-02
2.500620362764604740e-02
2.267351445929488563e-02
2.475258750545993730e-02
2.777616584166429578e-02
2.365618629584741867e-02
2.305471248675406218e-02
2.494500971148086096e-02
2.005957599953711937e-02
2.151724872400457428e-02
2.230548807864269831e-02
2.285304714733306028e-02
2.293887274710773583e-02
2.762731581533207220e-02
2.305343102385020576e-02
2.329397795581049369e-02
2.195225422005537413e-02
2.467412409723216890e-02
2.484818540386346530e-02
2.401523819505000518e-02
2.467412409723216890e-02
2.623773856540651678e-02
1.993355346173199955e-02
2.419332535303591117e-02
2.604580970892450553e-02
2.480540281854871909e-02
2.796667163377578730e-02
2.586419387690392854e-02
2.730256844954815840e-02
2.344274297510981139e-02
3.035607755541903929e-02
2.771639564680290768e-02
2.024460690272064309e-02
2.392424242010050134e-02
2.197578604646650835e-02
2.215786624997619775e-02
2.790404225864151835e-02
2.583421234587653798e-02
2.358276240660770254e-02
2.143532648129525819e-02
2.410541070036836125e-02
2.616639605273927624e-02
2.621412891043185811e-02
3.017944294911971415e-02
2.414520015666578312e-02
2.203208788787690969e-02
3.035607755541903929e-02
2.580071570720017873e-02
2.345743655610263087e-02
2.992776783474567284e-02
2.401651772449143324e-02
2.536820863206007762e-02
2.837376372231559946e-02
2.320298218086098985e-02
2.013183453917656920e-02
2.655612054256463114e-02
2.777616584166429578e-02
2.571814366558800719e-02
2.621129417149420035e-02
2.507074044996768919e-02
2.117556395308568470e-02
2.490691425665304132e-02
2.399787106676631171e-02
2.028348849525992911e-02
2.475258750545993730e-02
2.640177552227046878e-02
2.282516841537824553e-02
3.057165478149991011e-02
2.733249921921468428e-02
2.103262746645425535e-02
2.310205107498195659e-02
2.656020774007612426e-02
2.676706994816401702e-02
2.642743811039028473e-02
2.725910578976231680e-02
2.499313443742022522e-02
2.649979996162240420e-02
1.998356484506963807e-02
2.270349599032227619e-02
2.901765066906983673e-02
2.777616584166429578e-02
2.479624469218154326e-02
2.730256844954815840e-02
2.251346517548674306e-02
2.621129417149420035e-02
2.623773856540651678e-02
2.665763198066895337e-02
3.070877433187721092e-02
2.661521884300807606e-02
2.796667163377578730e-02
2.469347093591543058e-02
2.162310943194247284e-02
2.791328539204159312e-02
2.753416455863568271e-02
2.685801585718609885e-02
2.623461926482576617e-02
2.179900540589202462e-02
2.708082410484064298e-02
2.028348849525992911e-02
2.469347093591543058e-02
2.499753322525135463e-02
2.572084438127599307e-02
2.195225422005537413e-02
2.309359407929334820e-02
2.454326038656384074e-02
2.599366602862820258e-02
2.249560433039526214e-02
2.932106315950289838e-02
2.606108362214261398e-02
2.012358427656752921e-02
2.543868610888351187e-02
2.807818952238599897e-02
2.336562798054949569e-02
2.206502658359944802e-02
2.412512001342543427e-02
2.409307324024783162e-02
2.551469726335099317e-02
2.850983375056793251e-02
1.989467186919271352e-02
2.286340020901467263e-02
2.939843645198817607e-02
2.725910578976231680e-02
2.551878446086248281e-02
2.863894441911223054e-02
2.543868610888351187e-02
2.397828593085499921e-02
2.343300649217082421e-02
2.430402264584721403e-02
2.330583679786565193e-02
2.020784569364404704e-02
2.613700881949690760e-02
2.728248944426164141e-02
2.532557607493904003e-02
2.704566246902470605e-02
2.347337430504006089e-02
2.163410127554761878e-02
2.728581790000709356e-02
2.071406624205574670e-02
2.693538914967136960e-02
2.250927380152639018e-02
2.100474873449944060e-02
2.794515716952018780e-02
2.434353590238750101e-02
3.017944294911971415e-02
2.704566246902470605e-02
2.560359023922791771e-02
2.685431820003353690e-02
2.801859782263825538e-02
2.728581790000709356e-02
2.317711354437254970e-02
2.895269857578885997e-02
2.435547743591662609e-02
3.049319710579633663e-02
2.700756701419688294e-02
2.777616584166429578e-02
2.616639605273927624e-02
2.925549504940922613e-02
2.650808082365816928e-02
2.427810414343135534e-02
2.445895431334240908e-02
2.617589711679543102e-02
2.203208788787690969e-02
2.329253242575822502e-02
2.067518464951646068e-02
2.695676949314778151e-02
2.621043125327929962e-02
2.566640628952897990e-02
2.020784569364404704e-02
2.845903622951883108e-02
2.334591866749241573e-02
2.660683445961985194e-02
2.801859782263825538e-02
2.540690401986333766e-02
2.288482923635323449e-02
2.160231918652744457e-02
2.087897037240015255e-02
1.985791066011611747e-02
2.725929199449834278e-02
2.518714733331808148e-02
2.794106997200870163e-02
2.455569776022125533e-02
2.397158100832839922e-02
2.143807852875894912e-02
2.358648433898453273e-02
2.625925302966211627e-02
2.786594680381369524e-02
2.643940390482751868e-02
2.492247075586076152e-02
2.152549898661361427e-02
2.420288480688861238e-02
2.705490560242478429e-02
2.516835571052675885e-02
2.456878663587504924e-02
2.652632586713114804e-02
2.665763198066895337e-02
2.295229318489160064e-02
2.460871659918413557e-02
2.778862337725584303e-02
2.772882725343639443e-02
2.071406624205574670e-02
3.037759201967463879e-02
2.260235815136367107e-02
2.788150330302141891e-02
2.412512001342543427e-02
2.473369076621945509e-02
2.513648393304816417e-02
2.737471087588402158e-02
2.247039220898710415e-02
2.313823195183326020e-02
2.641101865567054355e-02
2.421212794028868714e-02
2.249560433039526214e-02
2.738773678030252678e-02
2.160151014108109210e-02
2.226872686956610572e-02
2.379620572734530981e-02
2.028848840691193506e-02
2.005957599953711937e-02
2.308649457577423639e-02
2.329253242575822502e-02
2.508502914297875211e-02
2.071406624205574670e-02
2.180398452594843953e-02
2.293887274710773583e-02
2.695676949314778151e-02
2.271174625293131272e-02
2.475698629329106670e-02
2.499313443742022522e-02
2.626216862933832344e-02
2.864099533589735749e-02
2.601374503391471610e-02
2.179900540589202462e-02
2.950045950873246905e-02
2.895269857578885997e-02
2.465445139618293452e-02
2.290709065808755815e-02
2.336945049390355342e-02
3.017944294911971415e-02
2.495425284488093573e-02
2.271174625293131272e-02
2.287517979871588059e-02
3.035607755541903929e-02
2.647869359041579718e-02
2.330583679786565193e-02
2.253448592293454816e-02
2.497642685404474761e-02
2.650808082365816928e-02
2.053728560148126298e-02
2.545361276769422809e-02
3.082332989587394795e-02
2.703414278563305226e-02
2.330313608217766952e-02
2.531128738192797711e-02
2.845903622951883108e-02
2.553553501040354765e-02
2.864099533589735749e-02
2.498389130402015046e-02
3.049319710579633663e-02
2.085309477841608070e-02
2.494579584919232734e-02
2.424671159477010535e-02
2.174687363909169266e-02
2.291341159235231462e-02
3.070877433187721092e-02
2.139644488875597217e-02
2.687396189675274674e-02
2.278829691830533064e-02
2.482667093960787275e-02
2.194400395744633067e-02
2.230548807864269831e-02
2.412590775952150324e-02
2.301860854669777329e-02
2.821163609309903023e-02
2.020784569364404704e-02
2.320363944988129701e-02
2.403675265930559773e-02
2.180398452594843953e-02
2.305343102385020576e-02
2.765291747709915787e-02
2.344918629349359088e-02
2.570528788206826593e-02
2.301860854669777329e-02
2.323282737307977297e-02
2.669572743549677649e-02
2.221633297842679627e-02
2.721980973276919014e-02
2.685431820003353690e-02
2.369506788838670816e-02
2.470524891723203942e-02
2.609891336466908449e-02
2.247039220898710415e-02
2.135968367967937612e-02
2.151724872400457428e-02
2.541473117515494207e-02
2.421212794028868714e-02
2.604552712293489031e-02
2.169040311695802012e-02
2.508502914297875211e-02
2.344274297510981139e-02
2.409716043775931779e-02
2.928488228265159823e-02
2.604811584361997959e-02
2.310750152257470130e-02
2.685431820003353690e-02
2.928488228265159823e-02
2.467938028074359927e-02
2.925549504940922613e-02
2.308649457577423639e-02
2.621412891043185811e-02
2.625925302966211627e-02
3.088540893817653954e-02
2.348162456764910089e-02
2.113077127230456043e-02
2.032524961598853111e-02
2.366658269096350367e-02
2.267351445929488563e-02
2.510470184402798996e-02
2.807818952238599897e-02
2.604580970892450553e-02
2.511915697522534505e-02
1.994680363599304548e-02
2.928488228265159823e-02
2.195225422005537413e-02
2.794106997200870163e-02
3.017944294911971415e-02
2.681852473823342908e-02
2.344352911282127777e-02
2.638920631675385070e-02
2.397828593085499921e-02
2.100474873449944060e-02
2.677323706679065815e-02
2.433815047809380697e-02
2.187464820750790323e-02
2.226872686956610572e-02
2.635956386560113149e-02
2.242629191389130042e-02
2.895269857578885997e-02
2.410132350285686814e-02
2.807818952238599897e-02
2.033349987859756763e-02
2.482258374209637963e-02
2.076420180253915268e-02
2.294404292228256412e-02
2.443883334878331134e-02
2.776692270826421755e-02
2.985039454226039862e-02
2.218455088940661860e-02
2.410541070036836125e-02
2.659370437875248350e-02
2.650481140287555548e-02
2.363421719667711460e-02
2.037238147113685366e-02
2.574858879078223070e-02
2.950045950873246905e-02
2.578037087980240491e-02
2.117556395308568470e-02
2.661521884300807606e-02
2.498389130402015046e-02
2.230548807864269831e-02
2.449513519019371269e-02
2.454456957780750195e-02
2.399787106676631171e-02
2.334411351629389619e-02
2.290516132974327809e-02
2.378442774602870444e-02
2.294404292228256412e-02
2.293887274710773583e-02
2.375547566684043169e-02
2.895269857578885997e-02
3.082332989587394795e-02
2.609852382431016027e-02
2.723759132550671730e-02
2.733249921921468428e-02
2.687191097996761979e-02
2.291406139125517008e-02
2.848831928631233995e-02
2.435547743591662609e-02
2.344918629349359088e-02
2.526710934648844151e-02
2.625017576403348984e-02
2.392816910990342577e-02
2.482258374209637963e-02
2.236181121940338315e-02
2.772882725343639443e-02
2.293656661241226177e-02
2.545361276769422809e-02
2.417324634774939765e-02
2.258663157888433221e-02
2.399787106676631171e-02
2.285370441635336744e-02
2.628635664088479346e-02
2.487081031659675243e-02
2.796667163377578730e-02
2.401243052697994360e-02
1.985791066011611747e-02
2.864099533589735749e-02
2.796667163377578730e-02
2.691014277360405382e-02
2.619573767228648015e-02
2.417324634774939765e-02
2.791768417987271905e-02
2.489499832814322244e-02
2.195065936197538453e-02
2.536820863206007762e-02
2.712303576150998027e-02
2.660673028317098870e-02
2.381420451963000076e-02
2.294404292228256412e-02
2.621412891043185811e-02
2.410132350285686814e-02
2.460373747912771719e-02
2.687191097996761979e-02
2.408980381946521435e-02
2.363467183159182611e-02
2.619573767228648015e-02
2.389837378361206119e-02
2.647809929263077872e-02
2.329397795581049369e-02
2.382330933856799046e-02
2.013183453917656920e-02
2.282451861647538660e-02
1.978189950564863964e-02
2.981421366540909848e-02
2.703741220641566953e-02
2.660011079756141941e-02
2.526710934648844151e-02
2.495425284488093573e-02
2.295320104864973995e-02
2.733249921921468428e-02
2.626216862933832344e-02
2.700761688012430495e-02
1.978189950564863964e-02
2.767802973238729300e-02
2.729718302525446089e-02
2.116965286484384645e-02
2.049840400894197348e-02
2.464759819172342506e-02
2.725929199449834278e-02
2.599740192656476226e-02
2.498389130402015046e-02
2.696873528758501892e-02
2.186336124417844612e-02
2.574858879078223070e-02
2.324107763568881296e-02
2.657592278601494939e-02
2.515803856776463107e-02
2.398029602632137727e-02
2.476301707310909692e-02
2.040951103306504893e-02
2.722389693028067631e-02
2.816073439560106209e-02
2.319266985332906969e-02
2.507074044996768919e-02
2.717021281388538878e-02
2.872616366665172588e-02
2.427849368379027956e-02
2.275334812711642118e-02
2.186718375753250385e-02
2.679203965404343413e-02
3.082332989587394795e-02
2.310205107498195659e-02
2.433023105984930684e-02
2.312537616831352241e-02
2.301860854669777329e-02
3.088540893817653954e-02
2.872616366665172588e-02
2.681978406354967176e-02
2.076420180253915268e-02
2.776705904707282846e-02
2.607739890041348846e-02
2.433815047809380697e-02
2.195225422005537413e-02
2.291406139125517008e-02
2.424671159477010535e-02
2.700761688012430495e-02
2.076420180253915268e-02
2.841240950997510339e-02
2.570528788206826593e-02
2.317711354437254970e-02
2.445455992126265021e-02
2.437703207063309299e-02
2.305471248675406218e-02
2.156134901910037802e-02
2.420302114569721635e-02
2.765291747709915787e-02
2.700756701419688294e-02
2.271174625293131272e-02
2.295229318489160064e-02
2.203208788787690969e-02
2.345743655610263087e-02
3.070877433187721092e-02
2.227291824352645513e-02
2.325509636327120766e-02
2.767802973238729300e-02
2.516654329263907572e-02
2.540690401986333766e-02
2.640177552227046878e-02
2.852539024977565965e-02
2.847448855227768805e-02
2.959658552254310071e-02
2.301860854669777329e-02
