1.930912098813855962e-02
1.808284127441314032e-02
2.089147331462845592e-02
2.288196674067507000e-02
1.648410317523948954e-02
1.920753794496161265e-02
2.128409467818757200e-02
1.974854769392877379e-02
1.702097311084858552e-02
1.826680903766207675e-02
2.227555725953386107e-02
1.761818197047886059e-02
1.912992153541615697e-02
1.899748635629705529e-02
2.145355259880468365e-02
2.145494634263421518e-02
2.122921622310176143e-02
1.760311826213683400e-02
1.725522009562271974e-02
1.785596680060947891e-02
1.559276479256067188e-02
2.252933551994568823e-02
2.186429833118920876e-02
2.403617620190249410e-02
1.751878930657430056e-02
2.059064665071174208e-02
2.224081853185580840e-02
1.900352936216451877e-02
2.298086480002929297e-02
1.990125408127509793e-02
1.929538965709454157e-02
1.553623305525836558e-02
1.979322545961980512e-02
1.919552263188128299e-02
2.183153044723255137e-02
1.577837172584567460e-02
2.112892441991800346e-02
1.824811097929549680e-02
2.120002526101200102e-02
2.042320220320673757e-02
2.112892441991800346e-02
1.824594825692137101e-02
1.761768736592852352e-02
2.014943950656762281e-02
1.808284127441314032e-02
1.831024345536017700e-02
2.207710297940279620e-02
1.903956512808137325e-02
1.739688079797960252e-02
2.131375821985309615e-02
1.995886739143098304e-02
2.166550105305752039e-02
1.515776924150643787e-02
2.227555725953386107e-02
1.808336898155651906e-02
1.856585078837922481e-02
2.098030026591666403e-02
2.229835051278021563e-02
1.832391341987267552e-02
1.789636830444198481e-02
1.935730493716510472e-02
1.991377832230071740e-02
2.238767481758880545e-02
1.863094295689906449e-02
2.199033505552667328e-02
1.817371382729953549e-02
2.026090173729508392e-02
1.970926081155833370e-02
2.453997904673381469e-02
2.163276536266507330e-02
1.810692110696815460e-02
1.715023535121566398e-02
2.151864476732452333e-02
1.693140574476620364e-02
1.928942261478848452e-02
1.757532104387660513e-02
2.180452229865919786e-02
2.142575538054445478e-02
2.132696992818477674e-02
2.217572636333596872e-02
1.804186703636406069e-02
2.239638419527497509e-02
2.096714211463418520e-02
1.786836526259927976e-02
1.989388157030462165e-02
2.312678744084975535e-02
2.161027700950359301e-02
2.198369696460383826e-02
1.865981941138516315e-02
1.863094295689906449e-02
1.798640634220299156e-02
2.122754416168717503e-02
1.891294435954572056e-02
1.876323937152292107e-02
1.849796846600260808e-02
1.982730189116204203e-02
1.699649791328604331e-02
1.853204489754484152e-02
2.181756106468441675e-02
2.072719061853864342e-02
2.039992298289675793e-02
1.660435373460002542e-02
1.727849931593269939e-02
1.660384480665473561e-02
1.716263381320546830e-02
2.005168580148460750e-02
1.831024345536017700e-02
1.737710982501932538e-02
2.309391519492790673e-02
1.884542634467016586e-02
2.242887800617142727e-02
2.221720952933033469e-02
1.832442234781796186e-02
2.314582399376239122e-02
2.304595696854913264e-02
2.163276536266507330e-02
2.045721190254737309e-02
1.871959544391517405e-02
1.839038419518795875e-02
1.743366034151972235e-02
1.928417511889739255e-02
1.572183998854336656e-02
1.820721291015190910e-02
2.154487994089888253e-02
1.831024345536017700e-02
1.903153240400722035e-02
2.258090582423411680e-02
2.240173115828947292e-02
2.116326774244645798e-02
1.810831485079768613e-02
1.665495483968613272e-02
2.241628512504707446e-02
2.319281325428212970e-02
2.177174851035100153e-02
1.818301881077565713e-02
1.756107758826826182e-02
2.295286175818659138e-02
1.986110778199642532e-02
2.035703436618485629e-02
2.052230407106721277e-02
1.929538965709454157e-02
1.836677519266248504e-02
1.673509557951391100e-02
1.553674198320365539e-02
2.037273854589477518e-02
2.011785363850648531e-02
2.019720331260477231e-02
1.976083111584675533e-02
1.497216230822143515e-02
2.096714211463418520e-02
1.909611564458177368e-02
1.989020839628565657e-02
1.856585078837922481e-02
2.142575538054445478e-02
1.832529202666811907e-02
1.853204489754484152e-02
1.497216230822143515e-02
1.930912098813855962e-02
2.217572636333596872e-02
1.985946040413147373e-02
1.644015694431136959e-02
1.786836526259927976e-02
1.584158161995861958e-02
1.652587964370343457e-02
2.037631398037128422e-02
2.068166254507153648e-02
2.230832514349051846e-02
2.054158368525364070e-02
1.886186865980763600e-02
1.791231149352739971e-02
2.186950811978555925e-02
2.054158368525364070e-02
1.803205312494265272e-02
1.789636830444198481e-02
1.864349774010767152e-02
2.199275888680617130e-02
1.749547649180313580e-02
2.173134700651849563e-02
1.638746323657425813e-02
2.217572636333596872e-02
1.497216230822143515e-02
2.152465343989867774e-02
1.816022555752930256e-02
1.803256205288793906e-02
1.731283340577860833e-02
1.846695272902500184e-02
2.100234174929809655e-02
1.660384480665473561e-02
1.803256205288793906e-02
1.753695965779750177e-02
1.970926081155833370e-02
2.295286175818659138e-02
1.714972642327037416e-02
1.652587964370343457e-02
2.371154211866427497e-02
1.513585017056480464e-02
1.603977405961780692e-02
2.141151192493611147e-02
2.155836821066910852e-02
1.685483721092916054e-02
1.667000341099407132e-02
2.039992298289675793e-02
2.106572375848760753e-02
1.836677519266248504e-02
1.652587964370343457e-02
1.893535803503769432e-02
2.228198952687422338e-02
2.042320220320673757e-02
2.096908381982237612e-02
1.669114934858579105e-02
2.013015989238119835e-02
1.761768736592852352e-02
1.778795206207192323e-02
2.169781943326916374e-02
2.341854337381458692e-02
2.145355259880468365e-02
2.074109557960093081e-02
2.290553400312079352e-02
2.195736134798754319e-02
2.294761277490511148e-02
1.903015379721177680e-02
1.483050160586455238e-02
2.195739354155175002e-02
2.231610758868455766e-02
1.589811335726092414e-02
1.849796846600260808e-02
1.843155519020637373e-02
1.935730493716510472e-02
1.719063685504816988e-02
1.995886739143098304e-02
2.278579237170554397e-02
1.572234891648865637e-02
1.660384480665473561e-02
2.128564883061691282e-02
1.567789375761524662e-02
2.055548864631592809e-02
1.804186703636406069e-02
1.857844366950357762e-02
1.681305785718048562e-02
1.910242742151874173e-02
2.173048687418388525e-02
2.228198952687422338e-02
2.231738706569285149e-02
2.309391519492790673e-02
2.087404690427164394e-02
1.956810903714673727e-02
2.444108098737959173e-02
2.300416329140550845e-02
1.900820357817428752e-02
2.087404690427164394e-02
2.140671882763181544e-02
2.315955532480640927e-02
2.047649151673380102e-02
1.912992153541615697e-02
2.278421303559205469e-02
2.125301964596885973e-02
1.753695965779750177e-02
2.098030026591666403e-02
1.733178862945976284e-02
2.084693224995389296e-02
1.979498351095039868e-02
2.377663428718411465e-02
2.055548864631592809e-02
1.804076250262882236e-02
2.063193139991007646e-02
1.681305785718048562e-02
2.088011682520260481e-02
2.338577548985792953e-02
2.272101237416165528e-02
1.996980113165773563e-02
2.117675601221668744e-02
1.808197523772698406e-02
1.886979503648831408e-02
2.011146183401461840e-02
2.146861630714671024e-02
2.042320220320673757e-02
1.887057803749380563e-02
2.285396369883236842e-02
2.033747027113212702e-02
1.709370361391335941e-02
2.210987086335945012e-02
1.483050160586455238e-02
2.176325475814053917e-02
2.088011682520260481e-02
2.205764724681975875e-02
1.754237952990168187e-02
1.857793474155829128e-02
2.374431590697247130e-02
1.991939935837541698e-02
1.836677519266248504e-02
2.185022850559913132e-02
2.029878635578171928e-02
2.195735544363600425e-02
2.224081853185580840e-02
2.281120105582970861e-02
2.295286175818659138e-02
1.969252488457175557e-02
1.964108948443150926e-02
1.944319912922852153e-02
1.980290988763107329e-02
2.209638259358922066e-02
2.094331748663300075e-02
2.100309351916301165e-02
1.862704562307696682e-02
2.005168580148460750e-02
1.893239418777721561e-02
1.737710982501932538e-02
1.677469647110137879e-02
1.812324277824564622e-02
1.887030396443360042e-02
1.660435373460002542e-02
1.942239710568494440e-02
2.224081853185580840e-02
2.122807186883055378e-02
2.367773622782989168e-02
2.189230137303191034e-02
1.916362225621648374e-02
1.871959544391517405e-02
1.744082702890772246e-02
2.327283144235279405e-02
1.660435373460002542e-02
1.644015694431136959e-02
2.094331748663300075e-02
1.761818197047886059e-02
2.030346057179148803e-02
2.059961301969843311e-02
1.573442549491755466e-02
2.278421303559205469e-02
1.749547649180313580e-02
2.106572375848760753e-02
2.403617620190249410e-02
1.896516797608541194e-02
1.660435373460002542e-02
2.122667812500102225e-02
2.168986974487566860e-02
1.839038419518795875e-02
1.671148657698843729e-02
2.403617620190249410e-02
1.813939179091353382e-02
2.411645280849291501e-02
2.185963983646873471e-02
2.261367370819077072e-02
1.624247343259746859e-02
1.527751087292168741e-02
2.055548864631592809e-02
1.886186865980763600e-02
2.201508841232335117e-02
1.977046676487040702e-02
1.553623305525836558e-02
2.260018543842054126e-02
1.732632167554883779e-02
2.341854337381458692e-02
2.320773927383295437e-02
1.871959544391517405e-02
1.645302623512363838e-02
1.603977405961780692e-02
2.056570078147057501e-02
1.737624378833317260e-02
1.626741930183863566e-02
2.260018543842054126e-02
1.654948864622890828e-02
1.830884971153064894e-02
1.934922918950148646e-02
1.772721348818768680e-02
1.804135810841877435e-02
2.241628512504707446e-02
2.056192091365628694e-02
1.845789080682266881e-02
2.029878635578171928e-02
1.919552263188128299e-02
1.770222936267985825e-02
1.980290988763107329e-02
2.046528097499105553e-02
1.603977405961780692e-02
2.198369696460383826e-02
1.527751087292168741e-02
2.214218924357109347e-02
1.657276786653888792e-02
2.086083721101617688e-02
2.278579237170554397e-02
1.711864948315452647e-02
1.896947609684802860e-02
1.760451200596636553e-02
2.129177029352086192e-02
1.715875768451745331e-02
1.747728736138184219e-02
2.050071496034421015e-02
2.371154802301581738e-02
1.810831485079768613e-02
1.808284127441314032e-02
2.116326774244645798e-02
1.836677519266248504e-02
2.338577548985792953e-02
2.059961301969843311e-02
1.907250664205629997e-02
1.737573486038788279e-02
2.141151192493611147e-02
1.756056866032297548e-02
1.969252488457175557e-02
1.638746323657425813e-02
2.195736134798754319e-02
1.861855187086650099e-02
2.140671882763181544e-02
2.059961301969843311e-02
1.881404630019149760e-02
1.626741930183863566e-02
2.122754416168717503e-02
1.654948864622890828e-02
1.761768736592852352e-02
2.278421303559205469e-02
1.982730189116204203e-02
1.758248773126460524e-02
2.345200610829743793e-02
1.929538965709454157e-02
1.966649816855567390e-02
1.868357539928761080e-02
1.909717843823726183e-02
2.092652498532596855e-02
2.210424982728474708e-02
1.741751132885183129e-02
2.052043774766192097e-02
2.066209845001880374e-02
1.957603541382741535e-02
1.820171686914223708e-02
2.071644301282934281e-02
2.332078966873157161e-02
1.747728736138184219e-02
2.078184008143405329e-02
1.833383367868756178e-02
1.863094295689906449e-02
2.367773622782989168e-02
1.824811097929549680e-02
1.849368351146573469e-02
1.939428771644876454e-02
1.758248773126460524e-02
1.691195591653470859e-02
2.102179157752959507e-02
1.887774472488180921e-02
1.873829350228175400e-02
1.903153240400722035e-02
2.139527615945977651e-02
1.934919864731849543e-02
2.300416329140550845e-02
2.118546538990285708e-02
2.154487994089888253e-02
2.233112430108841195e-02
2.324472205311661419e-02
2.139527615945977651e-02
1.990125408127509793e-02
2.183153044723255137e-02
1.592003242820255737e-02
2.267953511251882825e-02
1.683122820840368683e-02
1.823879877821304660e-02
1.697315075123245059e-02
2.138299273754179497e-02
1.925840687781088176e-02
2.050071496034421015e-02
1.732057808771701735e-02
2.185022850559913132e-02
2.120002526101200102e-02
1.734824074649047101e-02
1.946897082091673253e-02
2.086083721101617688e-02
2.351744143316880989e-02
1.733178862945976284e-02
1.737710982501932538e-02
1.638746323657425813e-02
2.045721190254737309e-02
2.239611012221476988e-02
2.341968772808579458e-02
2.444108098737959173e-02
1.808336898155651906e-02
1.887057803749380563e-02
1.808284127441314032e-02
2.294761277490511148e-02
2.068166254507153648e-02
2.068166254507153648e-02
1.756056866032297548e-02
2.338577548985792953e-02
2.292009387422993399e-02
2.122807186883055378e-02
2.113031816374753846e-02
2.013015989238119835e-02
2.338577548985792953e-02
1.830572428945138191e-02
1.773541393792856663e-02
2.272073830110145007e-02
1.671148657698843729e-02
1.654782199729772085e-02
2.043609001290129512e-02
1.980815887091255667e-02
2.100066968788351363e-02
1.741721802638224875e-02
2.262243073030822949e-02
1.667139715482360285e-02
2.180452229865919786e-02
2.098030026591666403e-02
1.958485983158540431e-02
2.153967015230252857e-02
1.731008518399384036e-02
2.005168580148460750e-02
1.812324277824564622e-02
1.960098128306858242e-02
1.700473661929358810e-02
1.820468071640271232e-02
2.371154802301581738e-02
1.986110778199642532e-02
2.328801588042337528e-02
1.855129682162162327e-02
1.846557412222955830e-02
1.683122820840368683e-02
1.942391951504209707e-02
2.046528097499105553e-02
2.173301906793308202e-02
2.023729273476961021e-02
1.880531814330723903e-02
1.969252488457175557e-02
1.938717631987150330e-02
2.403617620190249410e-02
2.294761277490511148e-02
2.332078966873157161e-02
1.829175490690324382e-02
2.019720331260477231e-02
1.874975110175269161e-02
1.818301881077565713e-02
2.233971659121003137e-02
1.791282042147268952e-02
1.893535803503769432e-02
1.709370361391335941e-02
1.729138712562725694e-02
2.068166254507153648e-02
2.163412100857885906e-02
1.638797216451954447e-02
2.086083721101617688e-02
1.594922339029231778e-02
1.913043046336144332e-02
2.202244761215584393e-02
2.285396369883236842e-02
2.284930520411189436e-02
1.763713719416001857e-02
2.071644301282934281e-02
1.766821043065667368e-02
1.846557412222955830e-02
2.371040366874460972e-02
2.045478807126787507e-02
1.629900516989977316e-02
1.497216230822143515e-02
2.112892441991800346e-02
1.980815887091255667e-02
2.265575247997508868e-02
1.996980113165773563e-02
1.808197523772698406e-02
1.685483721092916054e-02
1.804076250262882236e-02
2.149053537808834347e-02
2.320773927383295437e-02
1.956760010920145093e-02
2.328801588042337528e-02
1.898628450723265429e-02
2.214218924357109347e-02
2.063193139991007646e-02
1.764010104142049382e-02
2.067604150899683690e-02
2.019720331260477231e-02
2.238767481758880545e-02
2.139281386656953152e-02
1.804135810841877435e-02
2.216930389788884098e-02
2.012812855507875587e-02
1.567789375761524662e-02
1.820721291015190910e-02
1.927158223777303975e-02
1.893239418777721561e-02
1.572183998854336656e-02
2.105836455865511825e-02
1.973726385340103529e-02
2.050071496034421015e-02
1.792131417368315188e-02
2.007529480401008121e-02
2.338577548985792953e-02
2.185963983646873471e-02
2.068166254507153648e-02
2.320773927383295437e-02
1.866165632834597410e-02
2.088011682520260481e-02
1.839038419518795875e-02
1.818226704091074203e-02
1.754237952990168187e-02
1.990125408127509793e-02
1.830884971153064894e-02
1.733178862945976284e-02
2.199275888680617130e-02
2.166570687663999656e-02
2.249393207677552117e-02
2.262297869166689235e-02
1.953216612384829284e-02
2.114398812826003005e-02
2.261367370819077072e-02
1.744082702890772246e-02
2.248657287694302842e-02
1.754237952990168187e-02
2.144712033146432134e-02
1.681166411335095409e-02
1.741751132885183129e-02
1.881269065427771531e-02
2.414922069244956893e-02
1.935730493716510472e-02
2.074109557960093081e-02
1.833383367868756178e-02
2.217485668448581151e-02
2.052183149149145250e-02
1.947827580439285416e-02
1.983616191275525825e-02
1.925840687781088176e-02
1.930912098813855962e-02
2.122921622310176143e-02
2.205785105532601098e-02
2.348467354921215250e-02
1.925262701409188176e-02
2.310306135075973141e-02
2.294705890919490968e-02
2.104107119171601953e-02
1.624247343259746859e-02
2.364541784761824833e-02
1.913043046336144332e-02
2.393727814254827113e-02
2.119401658843784314e-02
1.980235602192087496e-02
2.176460493599421953e-02
1.916362225621648374e-02
2.138299273754179497e-02
2.252933551994568823e-02
1.582339248953732597e-02
1.817371382729953549e-02
1.846695272902500184e-02
2.128564883061691282e-02
2.328801588042337528e-02
1.803205312494265272e-02
2.118546538990285708e-02
1.584209054790390592e-02
1.673509557951391100e-02
2.063193139991007646e-02
1.997883239290480784e-02
1.674550550901161838e-02
1.568173178718044319e-02
2.221720952933033469e-02
1.979498351095039868e-02
1.900352936216451877e-02
2.284930520411189436e-02
2.265623662114261277e-02
1.732632167554883779e-02
2.177174851035100153e-02
2.046528097499105553e-02
2.042320220320673757e-02
1.928417511889739255e-02
1.741721802638224875e-02
1.883763652351888238e-02
1.831024345536017700e-02
1.721528942181975788e-02
1.808336898155651906e-02
2.288196674067507000e-02
1.817201327548799428e-02
2.239611012221476988e-02
2.176325475814053917e-02
2.211917584683557175e-02
2.134641975641627179e-02
2.142575538054445478e-02
2.073238620191476117e-02
1.744133595685301227e-02
1.912992153541615697e-02
1.828105249327041659e-02
1.925840687781088176e-02
1.929538965709454157e-02
2.027384048654055221e-02
2.361264996366159441e-02
2.216930389788884098e-02
2.050071496034421015e-02
2.031555120019049032e-02
1.896076671916185896e-02
2.068166254507153648e-02
1.760311826213683400e-02
1.584209054790390592e-02
2.338691393977759825e-02
1.786836526259927976e-02
2.317393338299857108e-02
1.925262701409188176e-02
1.830572428945138191e-02
1.866165632834597410e-02
1.976083111584675533e-02
2.145355259880468365e-02
2.005168580148460750e-02
2.367773622782989168e-02
1.586350069090024933e-02
2.163838639873977288e-02
1.899748635629705529e-02
2.189258135044365450e-02
2.050071496034421015e-02
1.527751087292168741e-02
2.238767481758880545e-02
1.741721802638224875e-02
1.677029521417782582e-02
1.901145573884519685e-02
1.951104959270105049e-02
1.893239418777721561e-02
2.027384048654055221e-02
2.062072955084567547e-02
1.876323937152292107e-02
1.661484663832320588e-02
2.099378853568689002e-02
2.064017937907717051e-02
1.883763652351888238e-02
1.930912098813855962e-02
2.064445564093569940e-02
2.157329423021993320e-02
1.662576387759637231e-02
2.194999624380351150e-02
1.854191469693072802e-02
2.178524268447277340e-02
1.866165632834597410e-02
2.014943950656762281e-02
2.211917584683557175e-02
1.823879877821304660e-02
2.104107119171601953e-02
1.925702827101543474e-02
1.934922918950148646e-02
2.120002526101200102e-02
2.166570687663999656e-02
1.652587964370343457e-02
2.001485243753237109e-02
2.172263762883232599e-02
1.782438093254833794e-02
1.901145573884519685e-02
1.989388157030462165e-02
1.813939179091353382e-02
1.954336797291269384e-02
2.120002526101200102e-02
2.199147940979787746e-02
1.733562665902495942e-02
2.132696992818477674e-02
2.046528097499105553e-02
2.207710297940279620e-02
2.163412100857885906e-02
1.648461210318477588e-02
1.916362225621648374e-02
2.186950811978555925e-02
2.033504643985262553e-02
1.808336898155651906e-02
1.748260349737167096e-02
1.845789080682266881e-02
1.586350069090024933e-02
1.667139715482360285e-02
1.582339248953732597e-02
1.685483721092916054e-02
1.737573486038788279e-02
2.151864476732452333e-02
1.958485983158540431e-02
2.328801588042337528e-02
2.037273854589477518e-02
1.980815887091255667e-02
1.711864948315452647e-02
2.288311109494627765e-02
1.745449410813549110e-02
1.834583249081430528e-02
1.657276786653888792e-02
2.199033505552667328e-02
2.068843997098664123e-02
2.042320220320673757e-02
1.638797216451954447e-02
2.183153044723255137e-02
1.903015379721177680e-02
2.045721190254737309e-02
2.128564883061691282e-02
1.886979503648831408e-02
2.177175441470254047e-02
2.138299273754179497e-02
1.986110778199642532e-02
1.677469647110137879e-02
2.371154802301581738e-02
2.134641975641627179e-02
1.741751132885183129e-02
1.832391341987267552e-02
1.497216230822143515e-02
2.168986974487566860e-02
1.846557412222955830e-02
2.252933551994568823e-02
2.110341586452975371e-02
2.414922069244956893e-02
1.900352936216451877e-02
1.824594825692137101e-02
1.939428771644876454e-02
1.764010104142049382e-02
2.099378853568689002e-02
1.919552263188128299e-02
1.912794520958953706e-02
1.956558021739897985e-02
2.144712033146432134e-02
1.747728736138184219e-02
2.199012923194420058e-02
1.823879877821304660e-02
2.068166254507153648e-02
1.642808036588246784e-02
2.335310804894321496e-02
2.238247923421269117e-02
1.874975110175269161e-02
1.836677519266248504e-02
2.094331748663300075e-02
1.648439647770906860e-02
1.721528942181975788e-02
1.693140574476620364e-02
2.023840650118739412e-02
1.925262701409188176e-02
2.239638419527497509e-02
2.037631398037128422e-02
1.866165632834597410e-02
1.733503105323500743e-02
1.990125408127509793e-02
1.881404630019149760e-02
1.930912098813855962e-02
2.138299273754179497e-02
1.829175490690324382e-02
1.748260349737167096e-02
2.278421303559205469e-02
2.403617620190249410e-02
2.382459251356289220e-02
1.568173178718044319e-02
2.086143281680612888e-02
2.130492844480334075e-02
2.145494634263421518e-02
1.942239710568494440e-02
2.377663428718411465e-02
1.642808036588246784e-02
1.740071882754479909e-02
2.382459251356289220e-02
1.501610853914955510e-02
2.281991043351587825e-02
1.751739556274476556e-02
2.312678744084975535e-02
2.364541784761824833e-02
1.930912098813855962e-02
2.157329423021993320e-02
2.332078966873157161e-02
1.992619995051626500e-02
1.756107758826826182e-02
2.110341586452975371e-02
2.189258135044365450e-02
2.128409467818757200e-02
1.872480523251152107e-02
1.979965772696016743e-02
2.014065279610437881e-02
2.195739354155175002e-02
1.822666273838340414e-02
2.046794117203601382e-02
1.925702827101543474e-02
2.098030026591666403e-02
2.215615862611923156e-02
1.909717843823726183e-02
1.652587964370343457e-02
2.045721190254737309e-02
2.105701438080143789e-02
1.982481132768094609e-02
1.832442234781796186e-02
2.100234174929809655e-02
2.185022850559913132e-02
1.603977405961780692e-02
1.832442234781796186e-02
1.864349774010767152e-02
2.119401658843784314e-02
2.046794117203601382e-02
2.178524268447277340e-02
1.980235602192087496e-02
1.980290988763107329e-02
2.141151192493611147e-02
1.817371382729953549e-02
1.770341006532058850e-02
1.831024345536017700e-02
2.129177029352086192e-02
2.214218924357109347e-02
1.660384480665473561e-02
1.863094295689906449e-02
1.901145573884519685e-02
1.976083111584675533e-02
2.019720331260477231e-02
2.056570078147057501e-02
1.947502954807348724e-02
1.792131417368315188e-02
2.040256243965196670e-02
2.236344268130005530e-02
1.626741930183863566e-02
2.210987086335945012e-02
2.110341586452975371e-02
1.644015694431136959e-02
1.857793474155829128e-02
1.893535803503769432e-02
2.185109818444928853e-02
2.310306135075973141e-02
1.785596680060947891e-02
2.265575247997508868e-02
1.982481132768094609e-02
1.900820357817428752e-02
1.930912098813855962e-02
1.935730493716510472e-02
1.910242742151874173e-02
1.677029521417782582e-02
1.842859134294589502e-02
2.238247923421269117e-02
1.586350069090024933e-02
1.699649791328604331e-02
1.866165632834597410e-02
2.023840650118739412e-02
1.932349904633072143e-02
1.669114934858579105e-02
1.753255840087394532e-02
2.255733856178838981e-02
1.553674198320365539e-02
1.808336898155651906e-02
1.603977405961780692e-02
2.001020263549024153e-02
2.361264996366159441e-02
1.938717631987150330e-02
2.014943950656762281e-02
2.320773927383295437e-02
2.013015989238119835e-02
2.129637810010555354e-02
1.901145573884519685e-02
1.775984267283574336e-02
1.658565567623344547e-02
1.515776924150643787e-02
1.822666273838340414e-02
1.803205312494265272e-02
1.820721291015190910e-02
2.172263762883232599e-02
2.039992298289675793e-02
2.006303638655891619e-02
2.066349219384833527e-02
1.740071882754479909e-02
2.201508841232335117e-02
1.832529202666811907e-02
1.795408796199134821e-02
1.817371382729953549e-02
1.896076671916185896e-02
1.681305785718048562e-02
2.021695550636696398e-02
2.006303638655891619e-02
1.849368351146573469e-02
2.066209845001880374e-02
2.230832514349051846e-02
1.559276479256067188e-02
2.260018543842054126e-02
2.361264996366159441e-02
1.912992153541615697e-02
2.030346057179148803e-02
1.930417788362684406e-02
1.813969489527635093e-02
2.453997904673381469e-02
2.221720952933033469e-02
1.974854769392877379e-02
1.582339248953732597e-02
2.043776207431587805e-02
1.896947609684802860e-02
1.709370361391335941e-02
2.191619035296912821e-02
1.893239418777721561e-02
2.052043774766192097e-02
1.662605718006595137e-02
2.201449792376234879e-02
2.033747027113212702e-02
2.338577548985792953e-02
1.891294435954572056e-02
2.122667812500102225e-02
2.096714211463418520e-02
1.920753794496161265e-02
1.836677519266248504e-02
1.932349904633072143e-02
1.834583249081430528e-02
1.911857095034184134e-02
2.205764724681975875e-02
1.843294493758149827e-02
1.861855187086650099e-02
1.702968248853475516e-02
1.956810903714673727e-02
2.092652498532596855e-02
1.947502954807348724e-02
1.911857095034184134e-02
1.733503105323500743e-02
2.059961301969843311e-02
2.112892441991800346e-02
1.973726385340103529e-02
1.961405079367516471e-02
1.744133595685301227e-02
1.733178862945976284e-02
1.792131417368315188e-02
2.026090173729508392e-02
1.584209054790390592e-02
2.128564883061691282e-02
1.744133595685301227e-02
1.925702827101543474e-02
1.996413832720469322e-02
2.149053537808834347e-02
2.231610758868455766e-02
