2.642469582082832349e-02
1.700660291948389441e-02
2.596160503437070291e-02
2.568146389619645198e-02
3.112030774891953733e-02
1.922580811860662153e-02
2.752705876856426787e-02
3.171926368836096993e-02
2.621398411567769232e-02
3.119420620596832783e-02
1.835313182103959218e-02
3.263275759878588034e-02
2.394555117819063134e-02
3.011290706652716351e-02
2.855146947366284105e-02
2.589974686661235259e-02
2.037951237618251463e-02
2.452134677929677237e-02
2.946849627948336728e-02
2.838169714400418445e-02
2.152569702138512620e-02
3.064592604114947313e-02
2.349354670517174448e-02
2.192766095591468234e-02
1.747986819881677811e-02
2.678543159045438174e-02
2.859023936146665168e-02
2.436900914114550204e-02
2.407297273320596273e-02
2.285288963095456066e-02
1.725967093865772573e-02
2.489204380561831770e-02
3.320350289326710197e-02
2.729988305290666217e-02
2.565968727371352801e-02
2.906905352124358743e-02
3.049805835113546248e-02
2.541336282017959969e-02
2.069465211714108938e-02
2.544661696736173068e-02
2.732114385922066596e-02
2.728775665153027399e-02
2.250163764629476218e-02
2.359612155558643218e-02
2.627202089934609422e-02
3.076538610393514048e-02
3.119420620596832783e-02
1.987027435814033363e-02
2.332240119746083543e-02
3.044789017025014560e-02
1.887397441433463427e-02
1.786553443508143504e-02
2.554543810494980596e-02
2.772896441104579640e-02
2.173790947707332499e-02
3.094012026240496038e-02
2.241088475907086763e-02
2.861332764142119484e-02
1.830708139469457152e-02
2.302467231076757784e-02
2.657996200541306100e-02
2.468213323421042382e-02
2.623420738091136045e-02
2.763846521937231293e-02
2.345184557039599327e-02
2.573896041169870114e-02
2.202022310703200675e-02
2.569149109798047476e-02
2.657449951265954818e-02
2.407726587336358332e-02
3.064592604114947313e-02
2.714372647641943165e-02
1.934723969366751797e-02
3.231640210982209688e-02
1.925902075276367253e-02
3.398486270949384325e-02
2.710600015656051964e-02
2.995376185401418118e-02
2.502148817855347554e-02
2.168634373604920798e-02
3.102905833109408096e-02
2.885470872778665707e-02
1.738911531159288010e-02
2.613295255304641171e-02
2.736378186363644036e-02
2.781818213851056099e-02
2.071004732351275357e-02
2.334118934573991069e-02
3.125691401579448053e-02
3.253638581595475615e-02
2.502240344047699031e-02
2.834625986548952592e-02
2.173662909917995975e-02
2.527543971964517702e-02
2.281476173935968396e-02
2.541336282017959969e-02
3.158981931542580862e-02
2.565653342955785676e-02
2.865280308530512160e-02
2.872526435485149576e-02
2.044070057604938789e-02
2.448984664897744731e-02
2.725279898310765947e-02
3.135465592261318241e-02
2.596160503437070291e-02
2.618984889199359872e-02
2.424587941803523980e-02
2.678543159045438174e-02
3.135465592261318241e-02
2.788400455909586031e-02
3.150701328204501966e-02
2.192766095591468234e-02
1.912792595542633575e-02
2.766676114089224731e-02
2.661775373210327478e-02
2.714139253229960747e-02
1.768401242353046660e-02
2.396094638456229206e-02
2.752705876856426787e-02
2.334118934573991069e-02
1.856330325802407061e-02
2.505440726694416545e-02
2.403237537176161273e-02
2.268944516700716063e-02
2.694773048530114609e-02
1.909636374567146369e-02
2.241531898111989718e-02
2.544661696736173068e-02
3.006180453496028193e-02
2.389574386181261834e-02
2.696016574892420165e-02
3.079476344772854451e-02
2.227339378867186637e-02
2.569149109798047476e-02
1.804026859355125495e-02
2.463835588860886425e-02
2.735995169765222113e-02
2.332240119746083543e-02
2.398220719087629238e-02
2.889640986256240829e-02
2.902649317764183223e-02
2.632601046432135952e-02
2.573896041169870114e-02
1.735683187723389281e-02
2.374490222050785332e-02
1.972861278977455085e-02
2.975137605394660018e-02
2.710600015656051964e-02
2.769536155831950341e-02
2.479415958285409449e-02
3.331552924191076570e-02
2.527543971964517702e-02
3.190035073148680261e-02
2.511273759637892844e-02
2.903579577091248975e-02
2.920697662177800663e-02
2.047663438516560130e-02
1.741404577823148225e-02
3.558856197718564263e-02
2.714077263446398880e-02
2.596965163183454633e-02
2.332974080857409122e-02
2.137222366922930314e-02
2.458614962430180281e-02
1.949855775623852289e-02
2.781818213851056099e-02
2.916168683624334110e-02
2.752643887072864226e-02
2.445863896947061966e-02
3.082066019961929304e-02
1.725967093865772573e-02
2.839164401719700831e-02
2.241531898111989718e-02
2.241088475907086763e-02
2.884817457025592308e-02
2.041652383934021431e-02
2.715912168279109237e-02
3.437094834478370692e-02
2.608226942050473340e-02
2.569149109798047476e-02
2.803594251950248736e-02
2.160403088208913414e-02
2.000225267739554058e-02
2.645352111915254267e-02
2.282693613740616190e-02
2.435790576667891047e-02
2.257741881836349343e-02
3.229979348972658593e-02
2.349354670517174448e-02
2.805873871756568022e-02
1.664903723111667982e-02
2.589131777113053492e-02
2.002464919771409016e-02
2.485425207892810046e-02
2.528391844724444185e-02
2.543753955688877327e-02
2.025594059440499056e-02
2.604219966582251022e-02
2.481309004707868415e-02
2.739534407339130895e-02
2.571744459152887352e-02
2.212357571333798192e-02
1.949855775623852289e-02
2.571744459152887352e-02
2.159598428462529418e-02
2.712246464377096600e-02
2.620449856066927458e-02
2.710600015656051964e-02
2.347228589885774763e-02
2.627202089934609422e-02
3.136894036443814426e-02
2.306844965636913394e-02
1.998685747102387639e-02
3.223423010246960485e-02
2.761465781163249117e-02
3.190035073148680261e-02
2.971891492517945293e-02
3.533461043609394114e-02
2.118442903128281429e-02
2.371540704483875162e-02
2.394555117819063134e-02
3.247452764819640930e-02
2.823423351684585525e-02
2.723050732471706328e-02
2.954418076670963303e-02
2.650572738345960411e-02
2.315411668370273568e-02
1.756700331421837125e-02
3.122294122744023043e-02
2.269749176447100059e-02
2.986340240259026738e-02
1.946154629308082668e-02
2.380590623651223509e-02
2.884817457025592308e-02
2.319789402930429179e-02
2.046873010364727574e-02
2.332240119746083543e-02
2.674999431193972321e-02
2.173662909917995975e-02
2.244442374529717274e-02
2.396681198450462819e-02
1.955138391838120646e-02
2.063933650843184989e-02
2.672286786661591182e-02
2.088478148198257348e-02
2.062899174459743162e-02
3.223423010246960485e-02
2.848880495577318234e-02
2.683072137598904727e-02
2.933642099471316100e-02
1.998685747102387639e-02
2.175840572166289066e-02
2.040602229382112651e-02
1.806652481563945575e-02
2.692177876179490531e-02
2.062899174459743162e-02
2.207214971256343458e-02
2.855643130247400435e-02
2.839164401719700831e-02
2.971891492517945293e-02
3.106678465095299296e-02
1.927109790414128360e-02
2.811521565748766049e-02
2.504811112394579597e-02
1.996681539888088552e-02
2.595143054149543979e-02
2.627202089934609422e-02
2.612616469996525970e-02
2.360400059403069961e-02
3.050302017994662579e-02
1.874806323966846794e-02
2.139460046826728926e-02
2.232610125365513606e-02
2.332240119746083543e-02
2.503901206057249779e-02
3.011290706652716351e-02
2.565653342955785676e-02
2.461185730777061195e-02
2.714139253229960747e-02
2.302467231076757784e-02
2.945184714924778402e-02
2.852335871236996723e-02
1.804026859355125495e-02
2.428761850343873901e-02
2.896207023510606604e-02
2.310152224647317454e-02
2.133052253445355192e-02
2.220989437851284345e-02
1.857332908119864803e-02
2.870226571011032235e-02
2.267270214443998372e-02
2.805873871756568022e-02
1.768401242353046660e-02
2.657996200541306100e-02
3.320350289326710197e-02
2.407726587336358332e-02
2.839164401719700831e-02
1.993481157241371038e-02
2.173790947707332499e-02
2.867344041178610317e-02
2.009096814890094090e-02
3.272400701661132977e-02
2.636458305046341863e-02
2.384291769966993130e-02
1.741404577823148225e-02
2.758395510751145488e-02
2.085277765551539833e-02
1.960119123475921946e-02
2.268944516700716063e-02
2.832656713430770426e-02
3.054081190663684303e-02
2.883420659240885919e-02
2.763350339056114963e-02
3.044789017025014560e-02
2.883420659240885919e-02
2.831117192793604007e-02
2.492511639572235482e-02
2.990269411651760162e-02
2.500405439214987979e-02
1.700660291948389441e-02
3.049805835113546248e-02
2.662054993900456884e-02
2.527402103744886760e-02
3.135465592261318241e-02
2.071004732351275357e-02
2.670747266024424416e-02
2.058729060982168041e-02
2.608226942050473340e-02
2.377085571405625208e-02
2.442320169095596460e-02
2.995376185401418118e-02
2.411288434496891911e-02
3.096898968634852894e-02
2.589974686661235259e-02
2.459803021559860137e-02
3.115356549925062807e-02
1.673663627418491007e-02
2.162529168840313792e-02
2.493608477530212530e-02
2.025367027216719296e-02
1.851801347248940854e-02
2.977902769554436127e-02
2.371286044341292670e-02
2.067712823512206713e-02
1.966279036918925499e-02
2.650572738345960411e-02
2.813769247610530683e-02
3.050302017994662579e-02
2.552878897471422270e-02
2.345184557039599327e-02
2.729271059487061585e-02
1.764533717492237919e-02
3.164639919039510113e-02
2.186962417224628044e-02
2.173662909917995975e-02
2.854601885677076484e-02
2.173790947707332499e-02
2.826713684904046814e-02
2.485425207892810046e-02
1.700660291948389441e-02
2.404898399185712368e-02
2.870811869401436456e-02
2.826967079536051378e-02
2.241531898111989718e-02
2.420710953023143264e-02
3.253638581595475615e-02
2.482099432859700971e-02
2.613295255304641171e-02
2.864693049414748782e-02
3.203827383202122181e-02
2.604219966582251022e-02
2.371286044341292670e-02
2.928044471873353372e-02
3.119420620596832783e-02
3.346723894124319781e-02
2.813769247610530683e-02
2.453078911281699609e-02
2.407726587336358332e-02
2.528391844724444185e-02
2.826713684904046814e-02
1.934723969366751797e-02
2.534116777405765256e-02
2.920697662177800663e-02
2.927635234996760899e-02
2.319940646923739774e-02
2.237850792318449994e-02
2.283137035945519491e-02
2.961454927251403607e-02
1.885504652580598933e-02
2.024178968087039440e-02
2.445863896947061966e-02
2.254325777150482588e-02
2.627032098125456697e-02
2.174730234719630256e-02
2.184548894856218684e-02
2.424587941803523980e-02
2.684232792940157222e-02
2.011427902603920778e-02
2.461185730777061195e-02
1.973290592993217490e-02
2.332240119746083543e-02
2.442320169095596460e-02
2.913851952628550290e-02
2.562424999519886948e-02
2.012422589923203511e-02
2.292678808800335463e-02
2.380590623651223509e-02
2.817076506620934742e-02
2.523862866170977978e-02
2.028901318450902769e-02
3.206245056873039539e-02
1.998685747102387639e-02
2.597963594198404030e-02
3.306157770081907116e-02
2.537455498174804452e-02
2.210239511438450224e-02
3.320350289326710197e-02
2.310152224647317454e-02
2.247670717965616002e-02
2.719724957438596907e-02
3.050302017994662579e-02
2.736378186363644036e-02
3.161841973285306473e-02
3.146531214726926845e-02
1.856330325802407061e-02
3.276724907709191448e-02
3.015726555544492871e-02
1.868031236733616943e-02
2.662054993900456884e-02
3.133586777433410714e-02
2.971891492517945293e-02
3.136894036443814426e-02
2.926422594859121734e-02
1.815727770286335030e-02
2.885470872778665707e-02
2.636458305046341863e-02
2.894454635308704032e-02
2.403237537176161273e-02
2.232610125365513606e-02
2.301559175422080925e-02
2.530809518395361196e-02
2.725190901670612037e-02
2.479415958285409449e-02
2.071004732351275357e-02
2.309242318309987635e-02
3.448297469342737759e-02
1.848257619397475349e-02
2.589131777113053492e-02
2.411288434496891911e-02
3.119420620596832783e-02
2.050989213549669204e-02
2.636458305046341863e-02
3.030596497780211479e-02
3.331552924191076570e-02
3.275726476694242051e-02
2.163527599855263189e-02
2.436533948082090367e-02
2.323959516408004300e-02
2.255324208165431984e-02
2.442320169095596460e-02
1.976852440153751070e-02
2.076837765294752003e-02
1.934723969366751797e-02
2.671288355646641785e-02
2.728775665153027399e-02
3.128300987218578244e-02
2.463337312794043957e-02
2.463337312794043957e-02
2.263219584019394992e-02
2.583442143218334791e-02
2.182422814224818999e-02
2.990269411651760162e-02
2.839334393528853556e-02
2.881510198015188595e-02
2.684232792940157222e-02
1.869274763095922845e-02
2.371286044341292670e-02
2.210239511438450224e-02
2.024178968087039440e-02
3.075795238979314380e-02
1.990334694824437076e-02
2.012422589923203511e-02
2.288614738128565140e-02
2.400715031262066340e-02
2.589974686661235259e-02
2.896365096534401357e-02
2.436533948082090367e-02
1.810006380186576433e-02
2.530809518395361196e-02
2.089426871827836790e-02
2.644675505781591413e-02
3.398486270949384325e-02
2.618984889199359872e-02
2.188984743747995204e-02
2.460030053783639897e-02
3.223423010246960485e-02
2.841845491161146958e-02
2.394555117819063134e-02
1.980533545947290794e-02
2.704593151181496069e-02
2.443532809233234931e-02
2.396094638456229206e-02
1.664903723111667982e-02
2.719724957438596907e-02
2.821067667797230727e-02
2.859023936146665168e-02
1.735683187723389281e-02
3.416716498457732926e-02
1.869274763095922845e-02
2.574728631678175131e-02
2.472974491077156028e-02
3.262532388464388367e-02
2.843859348295137493e-02
2.688761771493623776e-02
1.765460235728659802e-02
2.315411668370273568e-02
2.729988305290666217e-02
2.843859348295137493e-02
2.436595236414275389e-02
2.152569702138512620e-02
3.081067588946979907e-02
2.749322623657159473e-02
2.152569702138512620e-02
3.019393862915844412e-02
2.431179524014791260e-02
1.880975674027132380e-02
2.250163764629476218e-02
2.137222366922930314e-02
2.704593151181496069e-02
3.119420620596832783e-02
2.434407867450689988e-02
2.463337312794043957e-02
3.028764122499698341e-02
1.738911531159288010e-02
2.852108839013216962e-02
1.725967093865772573e-02
2.565968727371352801e-02
2.302467231076757784e-02
3.079476344772854451e-02
2.012422589923203511e-02
3.373091116840214870e-02
2.254541499189631829e-02
1.927109790414128360e-02
2.916168683624334110e-02
2.374490222050785332e-02
2.191136325764977966e-02
2.067804349704557842e-02
3.064592604114947313e-02
2.870969942425231208e-02
1.949855775623852289e-02
3.095686328497213730e-02
1.887397441433463427e-02
2.359612155558643218e-02
3.206245056873039539e-02
2.562424999519886948e-02
2.834625986548952592e-02
3.024906863885492431e-02
1.756700331421837125e-02
2.674999431193972321e-02
2.426896769798978296e-02
3.242435946731108548e-02
2.173790947707332499e-02
2.641650965599484646e-02
2.400715031262066340e-02
2.137581231998821399e-02
3.287927542573558515e-02
2.618984889199359872e-02
2.574728631678175131e-02
2.000225267739554058e-02
2.436900914114550204e-02
2.852335871236996723e-02
2.725190901670612037e-02
3.442111652566903074e-02
2.371286044341292670e-02
2.015103679364649986e-02
1.835313182103959218e-02
2.890675462639682308e-02
2.820222969037868010e-02
2.995376185401418118e-02
2.407297273320596273e-02
3.416716498457732926e-02
2.826713684904046814e-02
3.033956783052840778e-02
2.027860073880579164e-02
1.764533717492237919e-02
2.276164021312910776e-02
2.151160957757938808e-02
1.937104710140733627e-02
2.250163764629476218e-02
2.644675505781591413e-02
2.870969942425231208e-02
3.122294122744023043e-02
2.420710953023143264e-02
2.489204380561831770e-02
3.050302017994662579e-02
2.980785299386858045e-02
1.817763702175941368e-02
2.609166229062771097e-02
2.554543810494980596e-02
2.377085571405625208e-02
2.805873871756568022e-02
3.364197309971302119e-02
3.049805835113546248e-02
2.772896441104579640e-02
2.868394195730519097e-02
2.002464919771409016e-02
2.054768386218690929e-02
2.896207023510606604e-02
1.777478154785754050e-02
2.890675462639682308e-02
2.733385584126091228e-02
2.906905352124358743e-02
2.029399594517745584e-02
3.042878555799317236e-02
1.813234723622475161e-02
2.856141406314243250e-02
1.960119123475921946e-02
2.220310652543169838e-02
2.870969942425231208e-02
2.062899174459743162e-02
2.701548135763344460e-02
1.934723969366751797e-02
2.151160957757938808e-02
2.046873010364727574e-02
2.463835588860886425e-02
2.134713115454906288e-02
2.754225397273570020e-02
2.596965163183454633e-02
1.898538086514268280e-02
2.137222366922930314e-02
2.674999431193972321e-02
2.434407867450689988e-02
2.436900914114550204e-02
2.445658889864635310e-02
2.870226571011032235e-02
2.029399594517745584e-02
3.011290706652716351e-02
2.319789402930429179e-02
2.913851952628550290e-02
2.060773093828343477e-02
1.955076402054558432e-02
2.188984743747995204e-02
2.877731025346166871e-02
2.717573030288660679e-02
2.334118934573991069e-02
2.675967892455130559e-02
2.249796798597016381e-02
3.054081190663684303e-02
2.186962417224628044e-02
2.592202047525157121e-02
2.421463430157174551e-02
2.099339717454808824e-02
2.714372647641943165e-02
2.489204380561831770e-02
1.994325856000733060e-02
1.838856909955425070e-02
1.976852440153751070e-02
2.000225267739554058e-02
2.237850792318449994e-02
2.754225397273570020e-02
2.986340240259026738e-02
2.844440495383033368e-02
2.002464919771409016e-02
1.885504652580598933e-02
2.870811869401436456e-02
2.948728442776244255e-02
3.203827383202122181e-02
2.589974686661235259e-02
3.176096482313672115e-02
3.030596497780211479e-02
2.535329417543404074e-02
2.729271059487061585e-02
2.182422814224818999e-02
2.380590623651223509e-02
2.041652383934021431e-02
2.528391844724444185e-02
3.006180453496028193e-02
2.776597587420349955e-02
2.852335871236996723e-02
2.493165055325308882e-02
2.040602229382112651e-02
2.847219633567766792e-02
2.396681198450462819e-02
2.270157156838355228e-02
2.121986630979746935e-02
3.094012026240496038e-02
1.851801347248940854e-02
2.148395793598162351e-02
2.146666245388097194e-02
2.396094638456229206e-02
2.850920779883537107e-02
2.650572738345960411e-02
2.766796039504141463e-02
2.283137035945519491e-02
2.121986630979746935e-02
2.565653342955785676e-02
3.437094834478370692e-02
2.758333520967583274e-02
2.421463430157174551e-02
2.040602229382112651e-02
1.718133707795371432e-02
2.449983095912694128e-02
2.099680783062624068e-02
3.106678465095299296e-02
2.516643361558783265e-02
2.519713759894681021e-02
1.813234723622475161e-02
2.571658361266071502e-02
2.596160503437070291e-02
2.609166229062771097e-02
3.055991651889381627e-02
2.062899174459743162e-02
2.684074719916362470e-02
2.182422814224818999e-02
2.573896041169870114e-02
2.337898107243012794e-02
2.482099432859700971e-02
2.309242318309987635e-02
2.838169714400418445e-02
2.717573030288660679e-02
2.582831787941303192e-02
2.630768671151623161e-02
2.725190901670612037e-02
2.800032404789715157e-02
1.927109790414128360e-02
3.015726555544492871e-02
2.852108839013216962e-02
2.460030053783639897e-02
3.019393862915844412e-02
2.371540704483875162e-02
2.644505513972438687e-02
2.995376185401418118e-02
2.459803021559860137e-02
2.463337312794043957e-02
2.076482434534321006e-02
2.589131777113053492e-02
2.768554928917132257e-02
2.089426871827836790e-02
2.170119182066530122e-02
2.981437594566409971e-02
2.763846521937231293e-02
1.804026859355125495e-02
2.475038223725253492e-02
1.768401242353046660e-02
1.937104710140733627e-02
3.203827383202122181e-02
3.049805835113546248e-02
2.523862866170977978e-02
2.152569702138512620e-02
2.407726587336358332e-02
2.684074719916362470e-02
2.291768902463005644e-02
2.254325777150482588e-02
2.446858584266344699e-02
1.827479796033558423e-02
2.047663438516560130e-02
1.800290286328959377e-02
2.623420738091136045e-02
2.772334101586153982e-02
2.323897526624442433e-02
3.068273709908487384e-02
2.007884174752454925e-02
2.503901206057249779e-02
1.835313182103959218e-02
3.064592604114947313e-02
2.461185730777061195e-02
3.050302017994662579e-02
3.203827383202122181e-02
2.493165055325308882e-02
2.896365096534401357e-02
2.855643130247400435e-02
1.940054227707644144e-02
2.897746544147772677e-02
3.075795238979314380e-02
2.252199696519082556e-02
2.379503245076542220e-02
2.776597587420349955e-02
2.268944516700716063e-02
2.712246464377096600e-02
2.442320169095596460e-02
2.867344041178610317e-02
2.741280959980054582e-02
3.055991651889381627e-02
2.054768386218690929e-02
2.811521565748766049e-02
2.281476173935968396e-02
2.047663438516560130e-02
2.476088378277162272e-02
2.463835588860886425e-02
2.627202089934609422e-02
2.870969942425231208e-02
2.202837236696187848e-02
1.793708044270429791e-02
3.422902315233567611e-02
2.146666245388097194e-02
2.896365096534401357e-02
2.732114385922066596e-02
2.413568054303211197e-02
2.028901318450902769e-02
1.739226915574855134e-02
2.249053427182817061e-02
3.044789017025014560e-02
2.963964178719427980e-02
2.431179524014791260e-02
2.928044471873353372e-02
2.044070057604938789e-02
2.336965242033704759e-02
2.267637180476458209e-02
2.739534407339130895e-02
3.411699680369200544e-02
2.288614738128565140e-02
2.461185730777061195e-02
1.909636374567146369e-02
2.315411668370273568e-02
2.841845491161146958e-02
2.151160957757938808e-02
2.255324208165431984e-02
2.834625986548952592e-02
2.776597587420349955e-02
2.294339670809886211e-02
2.436900914114550204e-02
1.806652481563945575e-02
2.936967514189529199e-02
3.253638581595475615e-02
1.848257619397475349e-02
2.361545784757269201e-02
1.887397441433463427e-02
1.813234723622475161e-02
2.502240344047699031e-02
2.500405439214987979e-02
2.493608477530212530e-02
2.227339378867186637e-02
2.315411668370273568e-02
2.281476173935968396e-02
1.868031236733616943e-02
2.202022310703200675e-02
2.413568054303211197e-02
2.591275529288735585e-02
2.694773048530114609e-02
2.040602229382112651e-02
2.244442374529717274e-02
2.733385584126091228e-02
3.081283310986129148e-02
1.817763702175941368e-02
2.321771445993042055e-02
2.831117192793604007e-02
2.290766320145547902e-02
3.015726555544492871e-02
1.765460235728659802e-02
2.585596952101079996e-02
3.242435946731108548e-02
2.463835588860886425e-02
1.768401242353046660e-02
2.303710757439064033e-02
2.902649317764183223e-02
2.265144133812597993e-02
2.011427902603920778e-02
2.002159242071133854e-02
2.458614962430180281e-02
2.323959516408004300e-02
2.002464919771409016e-02
2.688977493532773017e-02
2.519713759894681021e-02
2.046873010364727574e-02
2.585596952101079996e-02
3.346723894124319781e-02
2.684074719916362470e-02
2.867344041178610317e-02
2.398220719087629238e-02
2.347228589885774763e-02
2.633394293360442895e-02
2.385795213512240109e-02
2.554543810494980596e-02
2.754225397273570020e-02
2.344072368910287210e-02
2.948510489957888170e-02
2.025594059440499056e-02
2.589131777113053492e-02
2.838169714400418445e-02
2.247670717965616002e-02
2.002464919771409016e-02
2.832656713430770426e-02
1.940054227707644144e-02
2.596160503437070291e-02
2.936059773142233459e-02
2.237850792318449994e-02
2.071004732351275357e-02
3.206245056873039539e-02
2.519713759894681021e-02
2.427917151584511879e-02
1.912792595542633575e-02
2.298949589782950387e-02
2.249053427182817061e-02
2.424770689167578264e-02
2.445658889864635310e-02
2.109317961345736139e-02
3.346723894124319781e-02
1.848257619397475349e-02
2.500405439214987979e-02
2.598025583981965897e-02
2.175840572166289066e-02
2.661775373210327478e-02
3.242435946731108548e-02
1.887335451649901213e-02
1.994325856000733060e-02
2.493608477530212530e-02
2.076837765294752003e-02
2.241088475907086763e-02
3.198027856137790337e-02
1.718133707795371432e-02
3.150639338420939406e-02
2.456574678123961408e-02
2.472387231961392651e-02
2.633394293360442895e-02
3.155656156509471788e-02
2.380590623651223509e-02
2.505440726694416545e-02
2.040602229382112651e-02
3.128300987218578244e-02
2.321833435776604615e-02
2.449539673707790827e-02
2.252199696519082556e-02
2.736378186363644036e-02
2.009096814890094090e-02
2.449539673707790827e-02
2.424587941803523980e-02
2.502148817855347554e-02
2.858025505131715771e-02
1.902529247690563918e-02
1.868031236733616943e-02
2.870969942425231208e-02
2.884419090255835316e-02
2.089426871827836790e-02
2.436900914114550204e-02
2.106900287674818781e-02
3.558856197718564263e-02
3.166550380265207437e-02
3.437094834478370692e-02
3.287927542573558515e-02
2.534116777405765256e-02
1.885504652580598933e-02
1.783009715656677652e-02
2.449983095912694128e-02
2.150525669292337183e-02
2.729988305290666217e-02
2.609751527453175318e-02
2.207152981472781245e-02
2.045784623688652604e-02
1.955076402054558432e-02
2.591275529288735585e-02
2.025367027216719296e-02
2.908949179012139744e-02
2.337898107243012794e-02
1.813234723622475161e-02
2.025367027216719296e-02
2.776597587420349955e-02
2.781818213851056099e-02
1.664903723111667982e-02
3.119420620596832783e-02
2.151160957757938808e-02
2.596965163183454633e-02
2.884817457025592308e-02
2.562424999519886948e-02
2.903224246330818673e-02
2.452134677929677237e-02
2.137222366922930314e-02
2.384291769966993130e-02
3.015726555544492871e-02
2.717573030288660679e-02
1.940054227707644144e-02
3.251329753600021299e-02
2.007884174752454925e-02
2.572017226341962587e-02
2.793020848715423166e-02
2.612616469996525970e-02
1.673663627418491007e-02
3.122294122744023043e-02
2.037951237618251463e-02
2.627202089934609422e-02
2.374490222050785332e-02
3.206245056873039539e-02
2.781880203634617965e-02
2.872526435485149576e-02
1.922580811860662153e-02
2.237850792318449994e-02
2.847219633567766792e-02
3.253638581595475615e-02
2.431179524014791260e-02
3.024906863885492431e-02
3.050302017994662579e-02
2.482099432859700971e-02
2.146666245388097194e-02
2.946849627948336728e-02
2.160403088208913414e-02
2.504811112394579597e-02
3.158981931542580862e-02
2.445863896947061966e-02
2.334118934573991069e-02
2.618984889199359872e-02
2.744588218990458295e-02
