2.397265323336279785e-02
2.227482970700781981e-02
2.454460470405723030e-02
2.346438678352768745e-02
2.464076664885970699e-02
2.426931002095210343e-02
2.125355209955966454e-02
2.521082568279266536e-02
2.379028240201334909e-02
2.471350562789755706e-02
1.982471984429556508e-02
2.497596147930120775e-02
2.047454082383611679e-02
2.431974396203734345e-02
2.557227884922869815e-02
2.581163771438621871e-02
2.405273825341699978e-02
2.249172454898953205e-02
2.571643471217256033e-02
2.326143750442341215e-02
2.504832129667565119e-02
2.361309250368823914e-02
2.426931002095210343e-02
2.464076664885970699e-02
2.183550703172566776e-02
2.143491358510422884e-02
2.320193093212403676e-02
2.183550703172566776e-02
2.445996982678633538e-02
2.531431765949111040e-02
2.303113757152223592e-02
2.598882761271132866e-02
2.513295617394654263e-02
2.192166551505657368e-02
1.981832330657225250e-02
2.049283325979247422e-02
2.436034143594630746e-02
2.379028240201334909e-02
2.284488874094077818e-02
2.464076664885970699e-02
2.725915598064367409e-02
2.717299749731276817e-02
2.705620670153939880e-02
2.784750745053298643e-02
2.512808324228324452e-02
2.125355209955966454e-02
2.190337307910021625e-02
2.490416543373178901e-02
2.648614766760644043e-02
2.260521998715954786e-02
2.066520062967034874e-02
2.106289229372543259e-02
2.249172454898953205e-02
2.431974396203734345e-02
2.548612036589779223e-02
2.462279728734995815e-02
2.455100124178053941e-02
2.141605648567667872e-02
2.295838417911079399e-02
2.628649374610551870e-02
2.733189495968152416e-02
2.473236272732510718e-02
2.017788403624681121e-02
2.569814227621620289e-02
2.440590244536824938e-02
2.703523817209221858e-02
2.047454082383611679e-02
2.431974396203734345e-02
2.877073067641719439e-02
2.040667477646156830e-02
2.655888664664428703e-02
2.540047614282201632e-02
2.521911465727744855e-02
2.303113757152223592e-02
2.521911465727744855e-02
2.531431765949111040e-02
2.361460169637465828e-02
2.513295617394654263e-02
2.440590244536824938e-02
2.877073067641719439e-02
2.663965793805676482e-02
2.625583332133167233e-02
2.497596147930120775e-02
2.361309250368823914e-02
2.084599745174372035e-02
2.589779619771712463e-02
2.436034143594630746e-02
2.084599745174372035e-02
2.753255822698732688e-02
2.532071419721441952e-02
2.143491358510422884e-02
2.691205083859553662e-02
2.379028240201334909e-02
2.396264977189122708e-02
2.598344042079290053e-02
2.590266912938042274e-02
2.521082568279266536e-02
2.066520062967034874e-02
2.346438678352768745e-02
2.717939403503607729e-02
2.227482970700781981e-02
2.691205083859553662e-02
2.463076318738813622e-02
2.761719310425822180e-02
2.471350562789755706e-02
2.405728811063369277e-02
2.143491358510422884e-02
2.655888664664428703e-02
2.428760245690846087e-02
2.473236272732510718e-02
2.841756648446594480e-02
2.485766149084141924e-02
2.431974396203734345e-02
2.260521998715954786e-02
2.303113757152223592e-02
2.717299749731276817e-02
2.066520062967034874e-02
2.326143750442341215e-02
2.361309250368823914e-02
2.590266912938042274e-02
2.361309250368823914e-02
1.982471984429556508e-02
2.227482970700781981e-02
2.761719310425822180e-02
2.133331404516725788e-02
2.782921501457663246e-02
2.639998918427553451e-02
2.792024642957083649e-02
2.646785523165008300e-02
2.455460816552880107e-02
1.923636837440624928e-02
1.982471984429556508e-02
2.877073067641719439e-02
2.143491358510422884e-02
2.405273825341699978e-02
2.578917369121040692e-02
2.066520062967034874e-02
2.249172454898953205e-02
2.625583332133167233e-02
2.513295617394654263e-02
2.237642924694479077e-02
2.659104256514676495e-02
2.431974396203734345e-02
2.648614766760644043e-02
2.436034143594630746e-02
2.675315337622678064e-02
2.675315337622678064e-02
2.733189495968152416e-02
2.428760245690846087e-02
2.473236272732510718e-02
2.548612036589779223e-02
2.782921501457663246e-02
2.761719310425822180e-02
2.279627336803077831e-02
2.075983896841281443e-02
2.143491358510422884e-02
2.347533317846768955e-02
2.370412391868244317e-02
2.370412391868244317e-02
2.655888664664428703e-02
2.141605648567667872e-02
2.726402891230697220e-02
2.218867122367691389e-02
1.990448178990315842e-02
2.841756648446594480e-02
2.513295617394654263e-02
2.455100124178053941e-02
2.667567744241765987e-02
2.740937089349064493e-02
2.581803425210953129e-02
2.589779619771712463e-02
2.320193093212403676e-02
2.659104256514676495e-02
2.347533317846768955e-02
2.397265323336279785e-02
1.990448178990315842e-02
2.017788403624681121e-02
1.990448178990315842e-02
2.017788403624681121e-02
2.497596147930120775e-02
2.040667477646156830e-02
2.125355209955966454e-02
2.303113757152223592e-02
1.990448178990315842e-02
2.557227884922869815e-02
2.084599745174372035e-02
2.820067164248423602e-02
2.361309250368823914e-02
2.047454082383611679e-02
2.143491358510422884e-02
2.625583332133167233e-02
1.982471984429556508e-02
2.531431765949111040e-02
2.397265323336279785e-02
2.646785523165008300e-02
2.571643471217256033e-02
2.617119844406077742e-02
2.267308603453409635e-02
2.125355209955966454e-02
2.540148548862689731e-02
2.717939403503607729e-02
2.598882761271132866e-02
2.598344042079290053e-02
2.312216898651643995e-02
2.133331404516725788e-02
2.827341062152208609e-02
2.379028240201334909e-02
2.047454082383611679e-02
2.462279728734995815e-02
2.504192475895233860e-02
2.075983896841281443e-02
2.504832129667565119e-02
2.464076664885970699e-02
1.981832330657225250e-02
2.634199180466257825e-02
2.373778902987134024e-02
2.532071419721441952e-02
2.827341062152208609e-02
2.827341062152208609e-02
2.578917369121040692e-02
2.504832129667565119e-02
2.625583332133167233e-02
2.683931185955768656e-02
2.143491358510422884e-02
2.369925098701914506e-02
2.017788403624681121e-02
2.227482970700781981e-02
2.190337307910021625e-02
2.634199180466257825e-02
2.567387838916566911e-02
2.471350562789755706e-02
2.326143750442341215e-02
2.190337307910021625e-02
2.776134896720208051e-02
2.338462483792009064e-02
2.369925098701914506e-02
2.455100124178053941e-02
2.253381751662712762e-02
2.084599745174372035e-02
2.589779619771712463e-02
2.646785523165008300e-02
2.571643471217256033e-02
2.284488874094077818e-02
2.075983896841281443e-02
2.761719310425822180e-02
2.047454082383611679e-02
2.426931002095210343e-02
2.597053517675497469e-02
2.646785523165008300e-02
2.521082568279266536e-02
2.563027622884165441e-02
2.192166551505657368e-02
2.532071419721441952e-02
2.513295617394654263e-02
2.084599745174372035e-02
2.210302700060113798e-02
2.436034143594630746e-02
2.201686851727023206e-02
2.590266912938042274e-02
2.655888664664428703e-02
2.445996982678633538e-02
2.414344659396459869e-02
2.578917369121040692e-02
2.237642924694479077e-02
2.312216898651643995e-02
2.463076318738813622e-02
2.532071419721441952e-02
2.614233788316165652e-02
2.548612036589779223e-02
2.304454266244169991e-02
2.284488874094077818e-02
2.269137847049045378e-02
2.338462483792009064e-02
2.512808324228324452e-02
2.210302700060113798e-02
2.463076318738813622e-02
2.705620670153939880e-02
2.625583332133167233e-02
2.820067164248423602e-02
2.428760245690846087e-02
2.589779619771712463e-02
2.563027622884165441e-02
2.717299749731276817e-02
2.726402891230697220e-02
2.141605648567667872e-02
2.373778902987134024e-02
2.581163771438621871e-02
2.784750745053298643e-02
1.923636837440624928e-02
2.405273825341699978e-02
2.428760245690846087e-02
2.761719310425822180e-02
2.540148548862689731e-02
2.776134896720208051e-02
2.463076318738813622e-02
1.982471984429556508e-02
2.675315337622678064e-02
2.396657977008609386e-02
2.683931185955768656e-02
2.703523817209221858e-02
2.646785523165008300e-02
2.237642924694479077e-02
2.267308603453409635e-02
2.361460169637465828e-02
2.202326505499354464e-02
2.784750745053298643e-02
2.522968278222021549e-02
2.346438678352768745e-02
2.218867122367691389e-02
2.304454266244169991e-02
2.841756648446594480e-02
2.396264977189122708e-02
2.414344659396459869e-02
2.379028240201334909e-02
2.589779619771712463e-02
2.784750745053298643e-02
2.691205083859553662e-02
2.267308603453409635e-02
2.338462483792009064e-02
2.426931002095210343e-02
2.106289229372543259e-02
2.227482970700781981e-02
2.667567744241765987e-02
2.260521998715954786e-02
2.770335158758912772e-02
2.598344042079290053e-02
2.597053517675497469e-02
2.414344659396459869e-02
2.761719310425822180e-02
2.705620670153939880e-02
2.160671629151091067e-02
2.210302700060113798e-02
2.569814227621620289e-02
2.124715556183635196e-02
2.143491358510422884e-02
2.725915598064367409e-02
2.753255822698732688e-02
2.540148548862689731e-02
2.782921501457663246e-02
2.571643471217256033e-02
2.512808324228324452e-02
2.125355209955966454e-02
2.106289229372543259e-02
2.370412391868244317e-02
2.361460169637465828e-02
2.667567744241765987e-02
2.614233788316165652e-02
2.531431765949111040e-02
2.590266912938042274e-02
2.634199180466257825e-02
2.540047614282201632e-02
2.304454266244169991e-02
2.361309250368823914e-02
2.396657977008609386e-02
2.841756648446594480e-02
2.304454266244169991e-02
2.267308603453409635e-02
2.183550703172566776e-02
2.820067164248423602e-02
2.455100124178053941e-02
2.463076318738813622e-02
2.227482970700781981e-02
2.338462483792009064e-02
2.084599745174372035e-02
2.589779619771712463e-02
2.183550703172566776e-02
2.761719310425822180e-02
2.520082222132109459e-02
2.428760245690846087e-02
2.581803425210953129e-02
2.445996982678633538e-02
2.520082222132109459e-02
2.260521998715954786e-02
2.202326505499354464e-02
2.192166551505657368e-02
2.504192475895233860e-02
2.440590244536824938e-02
2.106289229372543259e-02
2.590266912938042274e-02
2.426931002095210343e-02
2.405273825341699978e-02
2.049283325979247422e-02
2.490416543373178901e-02
2.726402891230697220e-02
2.683931185955768656e-02
2.049283325979247422e-02
2.569814227621620289e-02
2.320193093212403676e-02
2.269137847049045378e-02
2.540148548862689731e-02
2.569814227621620289e-02
2.471350562789755706e-02
2.571643471217256033e-02
2.047454082383611679e-02
2.267308603453409635e-02
2.753255822698732688e-02
2.218867122367691389e-02
2.373778902987134024e-02
2.548612036589779223e-02
2.227482970700781981e-02
2.141605648567667872e-02
2.663965793805676482e-02
2.683931185955768656e-02
2.522968278222021549e-02
2.361948904141155173e-02
2.303113757152223592e-02
2.520082222132109459e-02
2.513295617394654263e-02
2.557227884922869815e-02
2.124715556183635196e-02
2.160671629151091067e-02
2.776134896720208051e-02
2.397265323336279785e-02
2.770335158758912772e-02
2.379028240201334909e-02
2.597053517675497469e-02
2.569814227621620289e-02
2.405273825341699978e-02
2.634199180466257825e-02
2.210302700060113798e-02
2.471350562789755706e-02
2.455460816552880107e-02
2.311577244879313084e-02
2.770335158758912772e-02
2.369925098701914506e-02
2.269137847049045378e-02
2.160671629151091067e-02
2.454460470405723030e-02
2.454460470405723030e-02
2.504832129667565119e-02
2.571643471217256033e-02
1.981832330657225250e-02
2.227482970700781981e-02
2.279627336803077831e-02
2.667567744241765987e-02
2.133331404516725788e-02
2.143491358510422884e-02
2.284488874094077818e-02
2.578917369121040692e-02
2.405728811063369277e-02
2.578917369121040692e-02
2.598882761271132866e-02
2.454460470405723030e-02
2.548612036589779223e-02
2.597053517675497469e-02
2.210302700060113798e-02
2.761719310425822180e-02
2.267308603453409635e-02
2.569814227621620289e-02
2.304454266244169991e-02
2.521911465727744855e-02
2.040667477646156830e-02
2.717299749731276817e-02
2.659104256514676495e-02
2.521082568279266536e-02
2.346438678352768745e-02
2.667567744241765987e-02
2.141605648567667872e-02
2.202326505499354464e-02
2.770335158758912772e-02
1.923636837440624928e-02
2.426931002095210343e-02
2.717939403503607729e-02
2.202326505499354464e-02
2.683931185955768656e-02
2.683931185955768656e-02
2.125355209955966454e-02
2.379028240201334909e-02
2.676183592574856579e-02
2.125355209955966454e-02
2.776134896720208051e-02
2.521082568279266536e-02
2.512808324228324452e-02
2.598344042079290053e-02
2.655888664664428703e-02
2.725915598064367409e-02
2.691205083859553662e-02
2.667567744241765987e-02
2.396264977189122708e-02
2.504832129667565119e-02
2.397265323336279785e-02
2.396657977008609386e-02
2.717939403503607729e-02
2.792024642957083649e-02
2.634199180466257825e-02
2.249172454898953205e-02
2.249172454898953205e-02
2.625583332133167233e-02
2.646785523165008300e-02
2.040667477646156830e-02
2.634199180466257825e-02
2.614233788316165652e-02
2.445996982678633538e-02
2.338462483792009064e-02
2.361460169637465828e-02
2.201686851727023206e-02
2.733189495968152416e-02
2.581163771438621871e-02
2.581803425210953129e-02
2.373778902987134024e-02
2.311577244879313084e-02
2.202326505499354464e-02
2.676183592574856579e-02
2.267308603453409635e-02
2.320193093212403676e-02
2.431974396203734345e-02
2.160671629151091067e-02
2.445996982678633538e-02
2.462279728734995815e-02
2.311577244879313084e-02
2.379028240201334909e-02
2.634199180466257825e-02
2.320193093212403676e-02
2.676183592574856579e-02
2.614233788316165652e-02
2.312216898651643995e-02
2.464076664885970699e-02
2.782921501457663246e-02
2.369925098701914506e-02
2.462279728734995815e-02
2.820067164248423602e-02
2.462279728734995815e-02
2.463076318738813622e-02
2.569814227621620289e-02
2.192166551505657368e-02
2.598344042079290053e-02
2.512808324228324452e-02
2.124715556183635196e-02
2.431974396203734345e-02
2.811451315915333010e-02
2.663965793805676482e-02
2.249172454898953205e-02
2.377198996605699513e-02
2.569814227621620289e-02
2.403444581746064582e-02
2.284488874094077818e-02
2.735018739563787812e-02
2.249172454898953205e-02
2.320193093212403676e-02
2.017788403624681121e-02
2.606959890412380645e-02
2.269137847049045378e-02
2.426931002095210343e-02
2.521911465727744855e-02
2.740937089349064493e-02
2.237642924694479077e-02
2.648614766760644043e-02
2.201686851727023206e-02
2.733189495968152416e-02
2.047454082383611679e-02
2.311577244879313084e-02
2.084599745174372035e-02
2.320193093212403676e-02
2.683931185955768656e-02
2.436034143594630746e-02
2.017788403624681121e-02
2.326143750442341215e-02
2.260521998715954786e-02
2.540148548862689731e-02
2.578917369121040692e-02
2.361460169637465828e-02
2.047454082383611679e-02
2.403444581746064582e-02
2.237642924694479077e-02
1.990448178990315842e-02
2.761719310425822180e-02
2.066520062967034874e-02
2.260521998715954786e-02
2.463076318738813622e-02
2.370412391868244317e-02
2.625583332133167233e-02
2.628649374610551870e-02
2.770335158758912772e-02
1.990448178990315842e-02
2.361948904141155173e-02
2.667567744241765987e-02
2.532071419721441952e-02
2.655888664664428703e-02
2.210302700060113798e-02
2.192166551505657368e-02
1.981832330657225250e-02
2.733189495968152416e-02
2.659104256514676495e-02
2.279627336803077831e-02
2.370412391868244317e-02
2.504832129667565119e-02
2.675315337622678064e-02
2.040667477646156830e-02
2.581803425210953129e-02
2.311577244879313084e-02
2.540148548862689731e-02
2.761719310425822180e-02
2.304454266244169991e-02
2.463076318738813622e-02
2.361460169637465828e-02
2.504832129667565119e-02
2.609372251025165665e-02
2.396657977008609386e-02
2.646785523165008300e-02
2.373778902987134024e-02
2.379028240201334909e-02
2.691205083859553662e-02
2.227482970700781981e-02
2.075983896841281443e-02
2.735018739563787812e-02
2.141605648567667872e-02
2.717299749731276817e-02
2.218867122367691389e-02
2.590266912938042274e-02
2.337822830019678153e-02
2.770335158758912772e-02
2.347533317846768955e-02
2.303113757152223592e-02
2.659104256514676495e-02
2.361460169637465828e-02
2.420144397357755495e-02
1.990448178990315842e-02
2.369925098701914506e-02
2.267308603453409635e-02
2.770335158758912772e-02
2.377198996605699513e-02
2.269137847049045378e-02
2.717299749731276817e-02
2.571643471217256033e-02
2.125355209955966454e-02
2.455460816552880107e-02
1.981832330657225250e-02
2.877073067641719439e-02
2.784750745053298643e-02
2.628649374610551870e-02
2.557227884922869815e-02
2.084599745174372035e-02
2.597053517675497469e-02
2.667567744241765987e-02
2.705620670153939880e-02
2.464076664885970699e-02
2.581163771438621871e-02
2.667567744241765987e-02
2.049283325979247422e-02
2.405273825341699978e-02
2.598882761271132866e-02
2.540047614282201632e-02
2.426931002095210343e-02
2.320193093212403676e-02
2.462279728734995815e-02
2.218867122367691389e-02
1.923636837440624928e-02
2.397265323336279785e-02
2.455100124178053941e-02
2.338462483792009064e-02
2.497596147930120775e-02
2.040667477646156830e-02
2.811451315915333010e-02
2.210302700060113798e-02
2.668207398014096898e-02
2.589779619771712463e-02
2.311577244879313084e-02
2.578917369121040692e-02
2.581163771438621871e-02
2.792024642957083649e-02
2.361309250368823914e-02
2.445996982678633538e-02
2.598344042079290053e-02
2.753255822698732688e-02
2.597053517675497469e-02
2.464076664885970699e-02
2.683931185955768656e-02
2.141605648567667872e-02
2.347533317846768955e-02
2.676183592574856579e-02
2.521082568279266536e-02
2.253381751662712762e-02
2.705620670153939880e-02
2.705620670153939880e-02
2.617119844406077742e-02
2.143491358510422884e-02
2.614233788316165652e-02
2.143491358510422884e-02
2.405728811063369277e-02
2.361309250368823914e-02
2.740937089349064493e-02
2.373778902987134024e-02
2.521911465727744855e-02
2.540047614282201632e-02
2.295838417911079399e-02
2.405273825341699978e-02
2.066520062967034874e-02
2.084599745174372035e-02
2.614233788316165652e-02
2.667567744241765987e-02
2.827341062152208609e-02
2.462279728734995815e-02
2.066520062967034874e-02
1.982471984429556508e-02
2.445996982678633538e-02
2.676183592574856579e-02
2.403444581746064582e-02
2.581803425210953129e-02
2.513295617394654263e-02
2.569814227621620289e-02
2.338462483792009064e-02
2.431974396203734345e-02
2.369925098701914506e-02
2.462279728734995815e-02
2.667567744241765987e-02
2.521911465727744855e-02
2.420144397357755495e-02
2.338462483792009064e-02
2.606959890412380645e-02
2.705620670153939880e-02
2.420144397357755495e-02
2.522968278222021549e-02
2.628649374610551870e-02
2.133331404516725788e-02
2.782921501457663246e-02
2.463076318738813622e-02
2.455460816552880107e-02
2.668207398014096898e-02
2.471350562789755706e-02
2.548612036589779223e-02
2.877073067641719439e-02
2.639998918427553451e-02
2.405728811063369277e-02
2.210302700060113798e-02
2.066520062967034874e-02
2.143491358510422884e-02
2.403444581746064582e-02
2.668207398014096898e-02
2.267308603453409635e-02
2.648614766760644043e-02
2.440590244536824938e-02
2.326143750442341215e-02
2.753255822698732688e-02
2.426931002095210343e-02
2.512808324228324452e-02
2.405728811063369277e-02
2.396264977189122708e-02
2.617119844406077742e-02
2.337822830019678153e-02
2.249172454898953205e-02
2.464076664885970699e-02
2.405728811063369277e-02
2.614233788316165652e-02
2.414344659396459869e-02
2.227482970700781981e-02
2.761719310425822180e-02
2.663965793805676482e-02
2.683931185955768656e-02
1.923636837440624928e-02
2.841756648446594480e-02
2.792024642957083649e-02
2.218867122367691389e-02
2.428760245690846087e-02
2.133331404516725788e-02
2.531431765949111040e-02
2.403444581746064582e-02
2.124715556183635196e-02
2.581803425210953129e-02
2.183550703172566776e-02
2.047454082383611679e-02
2.703523817209221858e-02
2.253381751662712762e-02
2.589779619771712463e-02
2.426931002095210343e-02
2.106289229372543259e-02
2.598882761271132866e-02
2.125355209955966454e-02
2.303113757152223592e-02
2.124715556183635196e-02
2.628649374610551870e-02
2.581163771438621871e-02
2.462279728734995815e-02
2.563027622884165441e-02
2.143491358510422884e-02
2.522968278222021549e-02
2.717299749731276817e-02
2.725915598064367409e-02
2.361460169637465828e-02
2.667567744241765987e-02
2.717939403503607729e-02
2.431974396203734345e-02
1.981832330657225250e-02
2.548612036589779223e-02
2.346438678352768745e-02
2.311577244879313084e-02
2.473236272732510718e-02
2.569814227621620289e-02
2.639998918427553451e-02
2.143491358510422884e-02
1.982471984429556508e-02
2.454460470405723030e-02
2.598344042079290053e-02
2.668207398014096898e-02
2.253381751662712762e-02
2.784750745053298643e-02
2.569814227621620289e-02
2.504832129667565119e-02
2.312216898651643995e-02
2.683931185955768656e-02
2.581803425210953129e-02
2.877073067641719439e-02
2.269137847049045378e-02
2.397265323336279785e-02
2.141605648567667872e-02
2.567387838916566911e-02
2.312216898651643995e-02
2.396264977189122708e-02
2.370412391868244317e-02
2.370412391868244317e-02
2.581803425210953129e-02
2.304454266244169991e-02
2.667567744241765987e-02
2.373778902987134024e-02
2.646785523165008300e-02
2.066520062967034874e-02
2.567387838916566911e-02
2.540047614282201632e-02
2.040667477646156830e-02
2.717939403503607729e-02
2.369925098701914506e-02
2.420144397357755495e-02
2.606959890412380645e-02
2.431974396203734345e-02
2.455460816552880107e-02
2.253381751662712762e-02
1.923636837440624928e-02
2.512808324228324452e-02
2.614233788316165652e-02
2.532071419721441952e-02
2.761719310425822180e-02
2.725915598064367409e-02
2.703523817209221858e-02
2.581803425210953129e-02
2.520082222132109459e-02
2.548612036589779223e-02
2.260521998715954786e-02
2.655888664664428703e-02
2.237642924694479077e-02
2.066520062967034874e-02
2.311577244879313084e-02
2.522968278222021549e-02
2.639998918427553451e-02
2.455100124178053941e-02
2.279627336803077831e-02
2.740937089349064493e-02
1.923636837440624928e-02
2.841756648446594480e-02
2.471350562789755706e-02
2.279627336803077831e-02
2.606959890412380645e-02
2.346438678352768745e-02
2.589779619771712463e-02
2.646785523165008300e-02
2.455100124178053941e-02
2.676183592574856579e-02
2.646785523165008300e-02
2.326143750442341215e-02
2.160671629151091067e-02
2.084599745174372035e-02
2.403444581746064582e-02
2.485766149084141924e-02
2.346438678352768745e-02
2.521082568279266536e-02
2.346438678352768745e-02
2.428760245690846087e-02
2.338462483792009064e-02
2.084599745174372035e-02
2.733189495968152416e-02
2.513295617394654263e-02
2.705620670153939880e-02
2.531431765949111040e-02
2.326143750442341215e-02
1.981832330657225250e-02
2.377198996605699513e-02
2.820067164248423602e-02
2.405728811063369277e-02
2.396657977008609386e-02
2.190337307910021625e-02
2.598882761271132866e-02
2.455100124178053941e-02
2.548612036589779223e-02
2.125355209955966454e-02
2.414344659396459869e-02
2.040667477646156830e-02
2.590266912938042274e-02
2.201686851727023206e-02
2.532071419721441952e-02
1.990448178990315842e-02
2.227482970700781981e-02
2.066520062967034874e-02
2.531431765949111040e-02
2.540148548862689731e-02
2.485766149084141924e-02
2.668207398014096898e-02
2.784750745053298643e-02
2.540047614282201632e-02
2.705620670153939880e-02
2.304454266244169991e-02
2.084599745174372035e-02
2.676183592574856579e-02
2.269137847049045378e-02
2.267308603453409635e-02
2.192166551505657368e-02
2.521911465727744855e-02
2.361948904141155173e-02
2.075983896841281443e-02
2.303113757152223592e-02
2.717299749731276817e-02
2.683931185955768656e-02
1.982471984429556508e-02
2.522968278222021549e-02
2.770335158758912772e-02
2.040667477646156830e-02
2.811451315915333010e-02
2.210302700060113798e-02
2.455100124178053941e-02
2.436034143594630746e-02
2.237642924694479077e-02
2.377198996605699513e-02
2.454460470405723030e-02
2.776134896720208051e-02
2.522968278222021549e-02
2.269137847049045378e-02
2.190337307910021625e-02
2.347533317846768955e-02
2.338462483792009064e-02
2.267308603453409635e-02
2.454460470405723030e-02
2.218867122367691389e-02
2.141605648567667872e-02
2.414344659396459869e-02
1.990448178990315842e-02
2.420144397357755495e-02
2.504192475895233860e-02
2.405273825341699978e-02
2.338462483792009064e-02
2.784750745053298643e-02
2.614233788316165652e-02
2.361309250368823914e-02
2.202326505499354464e-02
2.202326505499354464e-02
2.598882761271132866e-02
2.675315337622678064e-02
2.304454266244169991e-02
2.454460470405723030e-02
2.617119844406077742e-02
2.269137847049045378e-02
2.047454082383611679e-02
2.655888664664428703e-02
2.578917369121040692e-02
2.420144397357755495e-02
2.267308603453409635e-02
1.923636837440624928e-02
2.521082568279266536e-02
2.143491358510422884e-02
2.540047614282201632e-02
2.676183592574856579e-02
2.249172454898953205e-02
2.485766149084141924e-02
2.581803425210953129e-02
2.210302700060113798e-02
2.454460470405723030e-02
2.445996982678633538e-02
2.473236272732510718e-02
2.295838417911079399e-02
2.218867122367691389e-02
2.124715556183635196e-02
2.347533317846768955e-02
2.820067164248423602e-02
2.691205083859553662e-02
2.455100124178053941e-02
2.792024642957083649e-02
2.726402891230697220e-02
2.598882761271132866e-02
2.106289229372543259e-02
2.049283325979247422e-02
2.379028240201334909e-02
2.504192475895233860e-02
2.521911465727744855e-02
2.431974396203734345e-02
2.462279728734995815e-02
2.504192475895233860e-02
2.403444581746064582e-02
2.717939403503607729e-02
2.141605648567667872e-02
2.311577244879313084e-02
2.463076318738813622e-02
2.655888664664428703e-02
2.691205083859553662e-02
2.445996982678633538e-02
2.717939403503607729e-02
2.581163771438621871e-02
2.066520062967034874e-02
2.531431765949111040e-02
2.066520062967034874e-02
2.578917369121040692e-02
2.143491358510422884e-02
2.609372251025165665e-02
2.210302700060113798e-02
2.877073067641719439e-02
