3.014044539790166483e-02
2.296420598255733553e-02
2.702488303909040407e-02
2.875589397292681662e-02
2.475116318071261465e-02
3.046469977081035091e-02
3.231793770038294406e-02
2.979377309103554625e-02
2.919471717676766498e-02
2.732574397215033202e-02
2.734147924719507183e-02
3.429187325967941735e-02
2.432428709064903341e-02
2.702488303909040407e-02
3.030402485357679143e-02
3.243863533010682421e-02
2.488261439775635644e-02
2.803063367551196505e-02
3.417730442874725161e-02
2.258561774895281871e-02
2.238372714348036904e-02
3.105408390513197253e-02
3.073033704272304378e-02
3.222783918633393557e-02
2.723567893980750540e-02
2.808517984810077889e-02
2.934578561774819905e-02
2.377666175126963780e-02
2.758668329072390402e-02
2.927924630306293768e-02
2.856553105753779215e-02
2.664922675780611802e-02
1.738266160170928373e-02
3.051903338845039781e-02
2.629822240688971940e-02
2.488261439775635644e-02
1.738266160170928373e-02
2.263731461287940561e-02
2.453504950965994941e-02
3.426740294279626009e-02
2.910058157421936686e-02
2.547250604257773887e-02
1.998299314881063840e-02
2.336661199879354681e-02
3.149803428992003357e-02
2.193649547972324407e-02
2.399176102952413001e-02
3.266775248262270698e-02
2.919471717676766498e-02
2.718080432996151236e-02
2.979288050980526126e-02
2.572612699368296077e-02
2.632204043257719769e-02
2.900435426137863704e-02
2.586161529922599220e-02
2.685709094925877241e-02
2.404660215766393772e-02
3.315252587823339092e-02
2.854088543805321371e-02
3.407704002740723215e-02
2.282767752826843008e-02
3.360835352280949068e-02
2.282734884795547051e-02
2.998324342519428573e-02
2.512781844128518863e-02
2.608742650617261460e-02
3.407704002740723215e-02
2.052720793493871543e-02
3.222380209783464594e-02
2.784027076012293711e-02
2.432428709064903341e-02
2.936656832065900891e-02
3.046469977081035091e-02
2.512781844128518863e-02
2.685709094925877241e-02
2.242494283171925923e-02
2.572612699368296077e-02
3.046469977081035091e-02
3.030402485357679143e-02
3.092069995811207173e-02
2.900435426137863704e-02
2.715111633180604389e-02
2.258561774895281871e-02
2.453633019149621675e-02
3.190358481342524949e-02
2.871032887883136556e-02
3.268383937363564945e-02
3.315252587823339092e-02
3.129928794866080471e-02
3.047346829435494675e-02
2.434472007597711027e-02
3.169278866965236086e-02
2.751610688753935649e-02
2.851996596344233761e-02
2.835052252266418576e-02
3.266775248262270698e-02
2.380139811413510553e-02
2.017335606419966287e-02
2.528217660889489973e-02
2.978973600253626008e-02
2.666672803386974447e-02
3.092908338398227264e-02
2.629822240688971940e-02
2.715111633180604389e-02
1.738266160170928373e-02
3.114418241918098101e-02
3.020376045223677891e-02
2.800583492137163899e-02
2.239211056935057342e-02
2.282767752826843008e-02
2.469225148236733197e-02
2.816716212980086703e-02
2.664575381327993764e-02
2.390166251547512152e-02
2.566286895796676334e-02
2.851996596344233761e-02
2.692461863775038461e-02
3.071828724020938400e-02
3.268383937363564945e-02
2.296420598255733553e-02
2.591963441634098642e-02
3.120306063582007836e-02
3.014044539790166483e-02
2.875589397292681662e-02
2.927924630306293768e-02
2.640402271427728584e-02
3.190358481342524949e-02
2.723567893980750540e-02
2.428984546613111722e-02
2.101070365164472639e-02
2.953614853313722352e-02
2.786995875827840558e-02
2.924955830490746922e-02
3.600580623851016432e-02
2.528621369739418590e-02
3.233837092876680475e-02
2.219336422809134457e-02
2.066180341619567803e-02
2.708053992862149983e-02
2.762475471474957339e-02
2.453508299136613821e-02
3.267089698989170815e-02
2.572927150095196194e-02
3.405230390759755171e-02
3.174323833344886575e-02
2.995008248251263688e-02
3.111944629937130058e-02
2.263731461287940561e-02
2.840832908483040958e-02
2.239525483356379423e-02
2.567125238383696773e-02
2.282767752826843008e-02
2.570569400835488044e-02
2.711498155313941255e-02
3.136465034290013276e-02
2.979288050980526126e-02
2.954453195900742790e-02
2.784027076012293711e-02
2.423696507305296219e-02
2.572927150095196194e-02
2.784027076012293711e-02
3.546159145238208382e-02
2.973928633873975519e-02
2.488261439775635644e-02
3.326366592151694390e-02
2.856956814603708178e-02
3.046469977081035091e-02
3.174323833344886575e-02
2.859869200021943753e-02
2.125590769517355857e-02
2.732574397215033202e-02
2.953614853313722352e-02
2.521563729420963837e-02
2.954453195900742790e-02
2.326213496329703270e-02
2.910058157421936686e-02
2.645886384241709355e-02
2.952724323789256838e-02
2.954453195900742790e-02
2.282767752826843008e-02
3.014044539790166483e-02
3.120306063582007836e-02
3.138938646270981320e-02
3.215726278314938458e-02
2.903404225953410550e-02
3.120306063582007836e-02
2.664922675780611802e-02
3.267178957112199661e-02
3.286125990528073609e-02
2.238372714348036904e-02
2.282767752826843008e-02
2.979288050980526126e-02
2.413392417526000894e-02
3.741509378329469643e-02
3.502680533704052857e-02
3.174323833344886575e-02
3.020376045223677891e-02
3.290732183470456568e-02
2.600010448857654338e-02
2.768277383186456761e-02
2.541766491443793116e-02
2.432428709064903341e-02
2.591963441634098642e-02
3.546159145238208382e-02
1.719229868632025926e-02
2.453633019149621675e-02
2.708053992862149983e-02
2.784027076012293711e-02
3.212757478499391611e-02
3.290732183470456568e-02
3.174638284071786692e-02
2.664922675780611802e-02
3.095381950379195307e-02
2.282767752826843008e-02
2.610681934275482438e-02
2.399176102952413001e-02
2.472669310688524469e-02
2.927924630306293768e-02
2.936656832065900891e-02
3.222783918633393557e-02
2.919471717676766498e-02
2.768277383186456761e-02
3.546159145238208382e-02
2.518594929605416990e-02
2.936656832065900891e-02
2.803063367551196505e-02
2.887812096866299028e-02
2.213852309995154033e-02
2.973803938166545355e-02
3.095785659229124617e-02
3.011662737221418654e-02
3.212757478499391611e-02
2.934578561774819905e-02
3.067549591458323954e-02
2.760342890513542424e-02
3.129038265341614611e-02
3.364225391206567689e-02
2.705163277404232930e-02
2.998324342519428573e-02
3.092908338398227264e-02
3.243863533010682421e-02
2.380634974942510626e-02
2.934578561774819905e-02
2.320941002608616771e-02
2.572927150095196194e-02
2.816312504130157740e-02
2.954856904750671406e-02
3.326366592151694390e-02
3.020376045223677891e-02
2.608742650617261460e-02
3.129928794866080471e-02
3.424266682298657966e-02
2.140889703372443956e-02
3.379871643819851862e-02
2.298802376518902998e-02
2.924955830490746922e-02
3.323984789582946908e-02
2.661606581512447264e-02
3.168875158115307122e-02
3.212757478499391611e-02
3.741509378329469643e-02
3.092069995811207173e-02
2.929094448960839134e-02
2.453508299136613821e-02
2.664575381327993764e-02
2.423696507305296219e-02
2.204321033390152507e-02
2.943992122029649716e-02
2.493748900760234949e-02
2.800583492137163899e-02
2.768277383186456761e-02
2.377666175126963780e-02
2.758668329072390402e-02
2.887812096866299028e-02
2.238372714348036904e-02
2.326213496329703270e-02
3.073033704272304378e-02
2.767962932459556644e-02
3.014044539790166483e-02
2.333271136648157676e-02
2.258561774895281871e-02
2.258561774895281871e-02
3.039412336762580685e-02
2.165831371140976985e-02
2.973489487439645237e-02
2.141310966788093767e-02
2.739632037533487607e-02
3.222380209783464594e-02
2.493748900760234949e-02
3.111944629937130058e-02
1.876406851941513076e-02
3.546159145238208382e-02
2.184867662679879433e-02
2.575490044504771120e-02
2.258247348473960137e-02
2.493745552589616415e-02
2.732574397215033202e-02
2.320941002608616771e-02
3.222783918633393557e-02
3.030402485357679143e-02
3.556185585372210328e-02
2.800583492137163899e-02
3.405230390759755171e-02
2.933688032250354044e-02
2.434561290026318256e-02
2.936656832065900891e-02
2.973489487439645237e-02
1.876406851941513076e-02
2.900435426137863704e-02
2.547253952428392421e-02
2.125590769517355857e-02
2.816312504130157740e-02
2.087384651704286484e-02
3.117428742751110482e-02
3.286125990528073609e-02
2.238372714348036904e-02
1.998299314881063840e-02
2.732577745385651388e-02
3.168875158115307122e-02
2.434561290026318256e-02
3.071828724020938400e-02
3.105408390513197253e-02
3.073033704272304378e-02
2.413392417526000894e-02
2.159925994911346403e-02
2.541766491443793116e-02
2.906418074957041464e-02
3.315252587823339092e-02
2.730104133404683345e-02
2.934982270624748521e-02
3.147670848030588442e-02
2.954856904750671406e-02
3.405230390759755171e-02
2.518594929605416990e-02
3.149803428992003357e-02
3.038564944143049701e-02
2.933688032250354044e-02
2.282734884795547051e-02
2.840832908483040958e-02
2.522730199904890669e-02
2.472541242504897735e-02
3.312778975842371049e-02
3.092908338398227264e-02
2.666672803386974447e-02
2.413392417526000894e-02
2.953614853313722352e-02
2.934982270624748521e-02
3.111944629937130058e-02
3.286125990528073609e-02
2.953614853313722352e-02
2.973928633873975519e-02
2.784027076012293711e-02
3.095785659229124617e-02
2.954767646627642907e-02
2.213852309995154033e-02
3.290732183470456568e-02
2.859869200021943753e-02
3.074797523836485247e-02
3.120306063582007836e-02
3.051903338845039781e-02
2.664575381327993764e-02
3.364225391206567689e-02
2.472669310688524469e-02
2.976897433689521671e-02
2.621365979888826137e-02
3.212757478499391611e-02
3.258357497229563693e-02
3.150117879718903474e-02
2.900109801645564880e-02
2.219336422809134457e-02
2.390166251547512152e-02
2.488261439775635644e-02
2.645886384241709355e-02
3.048513299919421160e-02
2.621365979888826137e-02
2.193649547972324407e-02
2.715111633180604389e-02
2.910058157421936686e-02
2.640402271427728584e-02
2.326213496329703270e-02
2.047144050080665009e-02
2.380634974942510626e-02
2.979288050980526126e-02
2.692461863775038461e-02
2.702488303909040407e-02
2.900435426137863704e-02
2.632204043257719769e-02
2.715111633180604389e-02
2.493745552589616415e-02
2.488261439775635644e-02
3.036183141574301872e-02
2.453504950965994941e-02
1.832011813462706973e-02
3.268383937363564945e-02
3.011662737221418654e-02
2.781547200598261105e-02
3.027433685542132297e-02
2.936656832065900891e-02
2.219336422809134457e-02
2.475116318071261465e-02
2.689095785680876982e-02
3.092069995811207173e-02
3.424266682298657966e-02
3.286125990528073609e-02
2.404660215766393772e-02
2.727090284401052431e-02
2.204321033390152507e-02
2.702488303909040407e-02
3.150117879718903474e-02
2.998324342519428573e-02
2.361181604232237899e-02
2.933688032250354044e-02
3.502680533704052857e-02
1.998299314881063840e-02
2.934578561774819905e-02
3.011662737221418654e-02
2.242494283171925923e-02
3.741509378329469643e-02
2.689095785680876982e-02
2.566286895796676334e-02
2.453633019149621675e-02
2.624334779704372636e-02
1.876406851941513076e-02
2.900109801645564880e-02
2.600010448857654338e-02
2.336661199879354681e-02
1.738266160170928373e-02
1.759470470255647054e-02
3.252873384415583269e-02
3.138938646270981320e-02
2.239525483356379423e-02
2.459081694379201474e-02
2.423696507305296219e-02
3.095381950379195307e-02
2.087384651704286484e-02
2.998009891792528456e-02
2.238372714348036904e-02
2.507138070817779146e-02
2.140889703372443956e-02
2.600010448857654338e-02
3.323984789582946908e-02
2.239525483356379423e-02
2.279766084980000551e-02
3.051903338845039781e-02
2.943992122029649716e-02
3.267089698989170815e-02
2.953614853313722352e-02
2.185284741851250059e-02
3.462439932080431382e-02
2.193649547972324407e-02
2.910461866271865303e-02
2.160347258326996561e-02
2.708053992862149983e-02
2.875589397292681662e-02
3.222380209783464594e-02
2.213852309995154033e-02
2.711498155313941255e-02
2.711498155313941255e-02
3.095785659229124617e-02
2.140889703372443956e-02
2.296420598255733553e-02
2.727090284401052431e-02
2.336239936463704522e-02
3.290732183470456568e-02
2.140889703372443956e-02
2.881073510106662433e-02
3.111944629937130058e-02
2.781547200598261105e-02
2.144627061056258305e-02
2.903404225953410550e-02
3.187911449654209917e-02
2.933688032250354044e-02
3.426740294279626009e-02
2.910058157421936686e-02
2.708053992862149983e-02
2.591645642736579991e-02
2.758668329072390402e-02
2.572612699368296077e-02
3.285811539801173492e-02
2.670062842312593068e-02
3.119902354732078525e-02
3.129928794866080471e-02
3.360835352280949068e-02
1.954820703346907967e-02
3.407704002740723215e-02
2.404660215766393772e-02
2.008325755015065439e-02
2.995008248251263688e-02
2.808517984810077889e-02
2.390166251547512152e-02
1.719229868632025926e-02
2.723567893980750540e-02
3.462125481353531264e-02
2.541766491443793116e-02
2.976897433689521671e-02
3.417730442874725161e-02
2.528621369739418590e-02
2.751610688753935649e-02
2.345249787868605718e-02
2.526174362356681941e-02
2.238372714348036904e-02
2.008325755015065439e-02
1.759470470255647054e-02
2.786995875827840558e-02
2.472669310688524469e-02
2.279766084980000551e-02
2.434472007597711027e-02
3.090865015559841195e-02
2.862023036478235360e-02
3.360835352280949068e-02
2.741306598974639630e-02
1.738266160170928373e-02
2.689095785680876982e-02
2.871032887883136556e-02
2.320941002608616771e-02
2.871032887883136556e-02
2.995008248251263688e-02
2.640402271427728584e-02
2.854088543805321371e-02
2.879447290745224680e-02
3.095381950379195307e-02
3.095381950379195307e-02
2.835052252266418576e-02
3.039412336762580685e-02
2.591645642736579991e-02
2.933688032250354044e-02
2.919471717676766498e-02
2.976897433689521671e-02
2.239211056935057342e-02
2.184867662679879433e-02
2.973928633873975519e-02
2.448020838152014517e-02
3.120306063582007836e-02
3.252873384415583269e-02
3.128634556491685648e-02
3.092069995811207173e-02
2.739632037533487607e-02
2.685709094925877241e-02
3.408107711590652872e-02
3.741509378329469643e-02
2.184867662679879433e-02
2.120106656703375433e-02
3.290732183470456568e-02
2.762475471474957339e-02
3.267178957112199661e-02
2.998324342519428573e-02
2.472669310688524469e-02
2.434561290026318256e-02
3.149803428992003357e-02
2.976897433689521671e-02
2.800583492137163899e-02
2.816716212980086703e-02
3.149803428992003357e-02
3.233837092876680475e-02
2.715111633180604389e-02
3.136465034290013276e-02
2.573016408218224693e-02
2.140889703372443956e-02
1.954820703346907967e-02
2.711498155313941255e-02
2.685709094925877241e-02
2.786995875827840558e-02
2.875589397292681662e-02
2.185284741851250059e-02
2.474712609221332502e-02
2.762475471474957339e-02
2.125590769517355857e-02
2.705163277404232930e-02
2.165831371140976985e-02
3.174638284071786692e-02
2.159925994911346403e-02
3.286125990528073609e-02
3.326366592151694390e-02
2.204321033390152507e-02
2.052720793493871543e-02
2.705163277404232930e-02
2.816716212980086703e-02
3.267178957112199661e-02
3.129038265341614611e-02
2.800583492137163899e-02
2.661606581512447264e-02
2.298802376518902998e-02
2.238372714348036904e-02
2.413392417526000894e-02
2.591963441634098642e-02
2.361181604232237899e-02
3.020376045223677891e-02
3.222783918633393557e-02
3.307330300612791596e-02
2.541766491443793116e-02
2.238372714348036904e-02
3.190358481342524949e-02
2.718080432996151236e-02
2.047144050080665009e-02
2.434561290026318256e-02
2.258247348473960137e-02
3.030402485357679143e-02
2.898483582284127474e-02
2.762475471474957339e-02
2.213852309995154033e-02
2.851996596344233761e-02
2.238372714348036904e-02
1.914580101723286840e-02
2.718080432996151236e-02
3.315252587823339092e-02
2.279766084980000551e-02
2.973489487439645237e-02
3.129038265341614611e-02
2.936656832065900891e-02
2.551533109296585250e-02
3.169278866965236086e-02
2.238372714348036904e-02
2.087384651704286484e-02
2.900109801645564880e-02
2.927924630306293768e-02
2.841236617332969921e-02
2.493748900760234949e-02
3.114418241918098101e-02
2.881477218956591396e-02
2.526174362356681941e-02
2.194816018456251239e-02
2.621365979888826137e-02
3.047346829435494675e-02
3.090865015559841195e-02
2.613167751718816975e-02
2.781547200598261105e-02
2.871032887883136556e-02
2.282767752826843008e-02
3.222380209783464594e-02
1.759470470255647054e-02
3.241416501322367388e-02
2.140889703372443956e-02
2.854088543805321371e-02
3.174638284071786692e-02
2.087384651704286484e-02
2.760342890513542424e-02
3.092069995811207173e-02
3.020376045223677891e-02
2.608742650617261460e-02
2.973803938166545355e-02
3.267178957112199661e-02
2.919471717676766498e-02
2.929094448960839134e-02
2.238372714348036904e-02
2.934578561774819905e-02
2.008325755015065439e-02
2.239211056935057342e-02
2.953614853313722352e-02
2.219336422809134457e-02
2.537631221144319785e-02
2.979377309103554625e-02
3.241416501322367388e-02
2.862023036478235360e-02
3.215726278314938458e-02
2.469225148236733197e-02
2.621365979888826137e-02
2.666672803386974447e-02
2.570569400835488044e-02
2.934982270624748521e-02
3.215726278314938458e-02
3.222380209783464594e-02
2.933688032250354044e-02
2.017335606419966287e-02
3.168875158115307122e-02
2.903404225953410550e-02
2.488261439775635644e-02
1.832011813462706973e-02
2.219336422809134457e-02
2.541766491443793116e-02
2.900435426137863704e-02
3.267178957112199661e-02
2.528217660889489973e-02
2.898483582284127474e-02
3.243863533010682421e-02
2.434561290026318256e-02
2.995008248251263688e-02
2.518594929605416990e-02
2.204321033390152507e-02
2.686126985865330483e-02
2.361181604232237899e-02
3.119902354732078525e-02
3.231793770038294406e-02
3.214878885695407473e-02
3.326366592151694390e-02
2.903404225953410550e-02
3.187911449654209917e-02
2.258561774895281871e-02
2.434875716447639990e-02
2.193649547972324407e-02
2.786995875827840558e-02
3.138938646270981320e-02
2.472669310688524469e-02
2.713541453846748594e-02
3.076423743197923000e-02
2.219336422809134457e-02
2.572927150095196194e-02
3.011662737221418654e-02
2.159925994911346403e-02
2.282767752826843008e-02
3.307330300612791596e-02
2.778542963198313287e-02
2.613167751718816975e-02
3.092069995811207173e-02
2.219336422809134457e-02
2.734147924719507183e-02
3.190358481342524949e-02
2.629822240688971940e-02
3.417730442874725161e-02
2.906418074957041464e-02
3.277393788768466487e-02
2.159925994911346403e-02
2.414686655900395371e-02
2.666672803386974447e-02
2.472541242504897735e-02
3.092908338398227264e-02
2.567125238383696773e-02
3.323984789582946908e-02
1.954820703346907967e-02
2.715111633180604389e-02
3.424266682298657966e-02
2.600010448857654338e-02
3.076423743197923000e-02
2.924955830490746922e-02
2.973489487439645237e-02
2.608742650617261460e-02
3.285811539801173492e-02
2.685709094925877241e-02
2.518594929605416990e-02
2.933688032250354044e-02
2.664575381327993764e-02
2.488261439775635644e-02
2.934578561774819905e-02
1.719229868632025926e-02
2.469225148236733197e-02
3.138938646270981320e-02
2.816716212980086703e-02
3.741509378329469643e-02
2.087384651704286484e-02
3.117428742751110482e-02
1.914580101723286840e-02
1.998299314881063840e-02
3.150117879718903474e-02
2.713541453846748594e-02
2.661606581512447264e-02
1.857370560402610629e-02
2.591648990907198524e-02
3.214878885695407473e-02
2.140889703372443956e-02
2.008325755015065439e-02
3.277393788768466487e-02
3.243863533010682421e-02
2.263731461287940561e-02
2.472541242504897735e-02
2.052720793493871543e-02
2.101070365164472639e-02
2.434875716447639990e-02
2.661606581512447264e-02
2.680642873051349712e-02
2.934578561774819905e-02
2.263731461287940561e-02
2.432428709064903341e-02
2.566286895796676334e-02
3.408107711590652872e-02
2.851996596344233761e-02
3.036183141574301872e-02
3.502680533704052857e-02
2.973803938166545355e-02
2.572612699368296077e-02
3.290732183470456568e-02
2.816312504130157740e-02
2.624334779704372636e-02
2.862023036478235360e-02
3.417730442874725161e-02
3.117428742751110482e-02
2.238372714348036904e-02
1.876406851941513076e-02
2.803063367551196505e-02
2.998324342519428573e-02
3.138938646270981320e-02
2.976897433689521671e-02
2.551533109296585250e-02
2.621365979888826137e-02
2.768277383186456761e-02
2.786995875827840558e-02
3.546159145238208382e-02
1.998299314881063840e-02
2.469225148236733197e-02
3.214878885695407473e-02
2.979288050980526126e-02
3.453707730320824260e-02
2.459081694379201474e-02
1.832011813462706973e-02
2.238372714348036904e-02
3.073033704272304378e-02
3.453707730320824260e-02
2.298802376518902998e-02
2.954453195900742790e-02
2.336661199879354681e-02
3.290732183470456568e-02
3.600580623851016432e-02
2.047144050080665009e-02
2.881477218956591396e-02
3.243863533010682421e-02
2.841236617332969921e-02
3.187911449654209917e-02
3.267089698989170815e-02
2.336661199879354681e-02
2.758668329072390402e-02
3.190358481342524949e-02
2.856553105753779215e-02
3.312778975842371049e-02
2.326213496329703270e-02
3.092908338398227264e-02
3.105408390513197253e-02
2.998009891792528456e-02
2.692461863775038461e-02
2.854088543805321371e-02
3.030402485357679143e-02
3.453707730320824260e-02
2.995008248251263688e-02
2.613167751718816975e-02
2.219336422809134457e-02
2.608742650617261460e-02
2.120106656703375433e-02
2.165831371140976985e-02
2.551533109296585250e-02
2.898483582284127474e-02
2.664922675780611802e-02
2.908891686938009508e-02
2.193649547972324407e-02
2.521563729420963837e-02
2.600010448857654338e-02
3.138938646270981320e-02
2.732574397215033202e-02
3.267089698989170815e-02
2.835052252266418576e-02
2.336661199879354681e-02
2.185284741851250059e-02
3.048513299919421160e-02
2.336239936463704522e-02
2.512781844128518863e-02
2.522730199904890669e-02
2.017335606419966287e-02
2.106420943243188931e-02
2.781547200598261105e-02
2.933688032250354044e-02
2.125590769517355857e-02
3.233837092876680475e-02
2.528621369739418590e-02
2.522730199904890669e-02
1.914580101723286840e-02
3.136465034290013276e-02
2.629822240688971940e-02
2.808517984810077889e-02
2.711067841865780551e-02
2.399176102952413001e-02
2.686126985865330483e-02
3.128634556491685648e-02
3.071828724020938400e-02
1.759470470255647054e-02
2.906418074957041464e-02
2.570569400835488044e-02
3.407704002740723215e-02
2.758668329072390402e-02
3.603054235831984475e-02
2.760342890513542424e-02
2.881477218956591396e-02
3.556185585372210328e-02
2.979377309103554625e-02
3.095785659229124617e-02
1.778506761794549501e-02
3.128634556491685648e-02
2.345249787868605718e-02
2.518594929605416990e-02
3.047346829435494675e-02
2.101070365164472639e-02
3.174323833344886575e-02
2.572612699368296077e-02
2.475116318071261465e-02
2.718080432996151236e-02
3.138938646270981320e-02
2.396702466665866574e-02
1.812975521923804526e-02
3.074797523836485247e-02
2.898483582284127474e-02
2.685709094925877241e-02
3.290732183470456568e-02
2.453633019149621675e-02
2.125590769517355857e-02
3.119902354732078525e-02
2.900109801645564880e-02
3.036183141574301872e-02
3.277393788768466487e-02
2.518594929605416990e-02
2.512781844128518863e-02
2.978973600253626008e-02
2.413392417526000894e-02
3.417730442874725161e-02
2.881477218956591396e-02
2.591645642736579991e-02
3.092908338398227264e-02
2.979377309103554625e-02
2.239525483356379423e-02
3.071828724020938400e-02
2.537631221144319785e-02
3.048513299919421160e-02
1.998299314881063840e-02
3.241416501322367388e-02
2.705163277404232930e-02
3.136465034290013276e-02
3.405230390759755171e-02
1.812975521923804526e-02
3.405230390759755171e-02
2.800583492137163899e-02
3.462125481353531264e-02
3.222783918633393557e-02
2.528217660889489973e-02
2.547253952428392421e-02
3.285811539801173492e-02
2.936656832065900891e-02
3.277393788768466487e-02
2.664575381327993764e-02
2.528621369739418590e-02
3.252873384415583269e-02
2.952724323789256838e-02
2.998009891792528456e-02
2.661606581512447264e-02
3.364225391206567689e-02
2.087384651704286484e-02
2.336239936463704522e-02
2.781547200598261105e-02
3.565195436777111176e-02
2.345249787868605718e-02
2.762475471474957339e-02
2.910058157421936686e-02
2.816312504130157740e-02
2.396702466665866574e-02
2.512781844128518863e-02
3.212757478499391611e-02
2.924955830490746922e-02
2.474712609221332502e-02
2.396702466665866574e-02
2.610681934275482438e-02
2.742600837349034454e-02
2.767962932459556644e-02
2.474712609221332502e-02
2.715111633180604389e-02
1.738266160170928373e-02
2.541766491443793116e-02
2.746883342387846511e-02
2.648855184057255854e-02
2.973489487439645237e-02
3.136465034290013276e-02
2.434875716447639990e-02
2.927924630306293768e-02
2.713541453846748594e-02
2.648855184057255854e-02
2.380139811413510553e-02
2.213852309995154033e-02
3.128634556491685648e-02
2.929094448960839134e-02
2.144627061056258305e-02
2.159925994911346403e-02
2.767962932459556644e-02
2.507138070817779146e-02
2.742600837349034454e-02
2.377666175126963780e-02
2.193649547972324407e-02
2.432428709064903341e-02
2.943992122029649716e-02
2.664575381327993764e-02
3.030402485357679143e-02
2.856553105753779215e-02
2.954856904750671406e-02
3.315252587823339092e-02
2.835348795669060534e-02
1.832011813462706973e-02
2.732577745385651388e-02
3.233837092876680475e-02
2.242494283171925923e-02
2.936656832065900891e-02
2.664922675780611802e-02
3.092908338398227264e-02
2.640402271427728584e-02
2.101070365164472639e-02
2.572927150095196194e-02
2.841236617332969921e-02
3.114418241918098101e-02
3.267178957112199661e-02
2.718080432996151236e-02
2.768277383186456761e-02
2.784027076012293711e-02
2.854088543805321371e-02
2.708053992862149983e-02
2.929094448960839134e-02
2.856956814603708178e-02
2.413392417526000894e-02
2.800583492137163899e-02
2.713945162696677904e-02
2.741306598974639630e-02
