2.086217498446779617e-02
1.672417932444551433e-02
1.526461191187135531e-02
1.273849048202399872e-02
1.441683578046580073e-02
1.902571982731409220e-02
1.301281834224349288e-02
2.011606279600645919e-02
2.105547434697014469e-02
1.932630504212897241e-02
1.450534086794268845e-02
1.970625239387626543e-02
1.450534086794268845e-02
1.859513357917372267e-02
1.121628845229814299e-02
1.337127442133992719e-02
1.465282296448404062e-02
1.739638992117317068e-02
1.611035426121725303e-02
2.016478949150558170e-02
1.956164945665411423e-02
1.619590486693357756e-02
1.491435632378946760e-02
1.278920812358456949e-02
1.829284726434726033e-02
1.693522559237678818e-02
2.002294146890593735e-02
1.443509153022679535e-02
1.978672030474010191e-02
1.525537693085544932e-02
1.880617984710499652e-02
1.903198704126549817e-02
1.687136234376128419e-02
1.945994801719507644e-02
2.183441519958089980e-02
1.463095465885824731e-02
1.942638606066185436e-02
1.299535753876591981e-02
1.703088649742506844e-02
1.728722590387882230e-02
1.633953894131088755e-02
1.334940611571413735e-02
1.558073999590544982e-02
1.715911064065316766e-02
1.701292337510645208e-02
1.541714496284779350e-02
1.589035659842312487e-02
1.880617984710499652e-02
1.696324907591509334e-02
1.650195706366327023e-02
1.753655249117777593e-02
1.996346094485269146e-02
1.492715082470353477e-02
2.032260938912133774e-02
1.696324907591509334e-02
1.872336848355629288e-02
1.745906736997906994e-02
1.689567125150961968e-02
1.678460745219099992e-02
1.850017580045211843e-02
1.385475962335441964e-02
1.605504993175676728e-02
1.953573088913408695e-02
1.616468445864262249e-02
1.749317426344594237e-02
1.434320636196636384e-02
1.961405333902085935e-02
1.609209851145625841e-02
1.634942401268683204e-02
1.672488245077218688e-02
1.504891659345505318e-02
1.875139196709459805e-02
1.458757643112641722e-02
1.460914722342000760e-02
1.441683578046580073e-02
1.633953894131088755e-02
1.892191347183677305e-02
1.996346094485269146e-02
1.939086065591668490e-02
2.076772605007826122e-02
1.347135543987280915e-02
1.762139840667404506e-02
1.301281834224349288e-02
2.309997231705829268e-02
1.973188126298266662e-02
1.885147298562747653e-02
2.011606279600645919e-02
1.672488245077218688e-02
1.798684321769437877e-02
1.746076961923876195e-02
1.405796216581461401e-02
1.973427587741456712e-02
1.495860786521847723e-02
2.090294129599370998e-02
2.175863232764188582e-02
1.410413937918873761e-02
1.864758561161727890e-02
2.279396827040541113e-02
1.605684040270634327e-02
2.239141626695781429e-02
1.969686470256956298e-02
1.907816425463962351e-02
1.435228016667808651e-02
2.198694825055733798e-02
2.208541222030493620e-02
1.875139196709459805e-02
1.619590486693357756e-02
1.824510854127825432e-02
1.562291237388994426e-02
1.306165781882225041e-02
1.459973425056729050e-02
1.562222000871773403e-02
1.858064371131595491e-02
1.846871875993717771e-02
1.616468445864262249e-02
1.935614166171775730e-02
1.400782032461902159e-02
1.728722590387882230e-02
1.495860786521847723e-02
1.334940611571413735e-02
1.686039032413001390e-02
1.940750674590598426e-02
1.426411158099596434e-02
1.743343850087266528e-02
1.861962715701030724e-02
1.798684321769437877e-02
1.460914722342000760e-02
1.423940000648904469e-02
1.616280629366080926e-02
2.251964041018592044e-02
1.703903194785410732e-02
1.468428000499898307e-02
2.022940180630633522e-02
1.746076961923876195e-02
1.278920812358456949e-02
1.377021386892272707e-02
1.433669752818232494e-02
1.476621805485050891e-02
1.298256303785185264e-02
1.981005874935358457e-02
1.468207351559276848e-02
1.707240389915969797e-02
1.953573088913408695e-02
1.441683578046580073e-02
2.015361893436732124e-02
1.601847186164877951e-02
1.663717230957871898e-02
1.782591044784135464e-02
1.278920812358456949e-02
1.753724485634998442e-02
1.697516869923860333e-02
1.970625239387626543e-02
1.621416061669457218e-02
2.212221164654959785e-02
1.626661264913812840e-02
1.806551931386191773e-02
1.770803365708741722e-02
1.784324890300286598e-02
1.743274613570045678e-02
1.745169425063365642e-02
1.867091645111273665e-02
1.560545157041236947e-02
1.745906736997906994e-02
1.487537287809511354e-02
1.717131907308718647e-02
2.090294129599370998e-02
2.032260938912133774e-02
2.086217498446779617e-02
1.301281834224349288e-02
1.495860786521847723e-02
1.458762458120323006e-02
1.956164945665411423e-02
2.011606279600645919e-02
2.166367454892028158e-02
1.622736190744851828e-02
1.439937497698822594e-02
1.550164521493505032e-02
1.781994339495452523e-02
1.472283982711867882e-02
1.896784896303253809e-02
1.714569020398078181e-02
1.633077605881821243e-02
1.472283982711867882e-02
2.166367454892028158e-02
1.385475962335441964e-02
1.866514396340321347e-02
1.410413937918873761e-02
1.668964967346939568e-02
1.454681011960050688e-02
2.239141626695781429e-02
1.642189300961904852e-02
1.619590486693357756e-02
1.877472280659005580e-02
1.971413435755373783e-02
1.599416295390044401e-02
2.030918895244894495e-02
1.753816215094946770e-02
1.481269542928921427e-02
1.882717483903361202e-02
1.639815070818595108e-02
2.259542328212493095e-02
1.867091645111273665e-02
1.278920812358456949e-02
1.428157238447353913e-02
1.639815070818595108e-02
1.377021386892272707e-02
1.468207351559276848e-02
1.981005874935358457e-02
2.198694825055733798e-02
1.819439089971768356e-02
2.011606279600645919e-02
1.860398215592943758e-02
1.981005874935358457e-02
1.562291237388994426e-02
1.590815657004169409e-02
1.234977909853592418e-02
1.278920812358456949e-02
1.377021386892272707e-02
1.550164521493505032e-02
1.452714830338092816e-02
2.022940180630633522e-02
1.298256303785185264e-02
1.491435632378946760e-02
2.138934668870078742e-02
1.595303404722902413e-02
1.645055459055269273e-02
1.842811066033952019e-02
1.489689552031189280e-02
1.905385534689128801e-02
1.874766663015015739e-02
1.874766663015015739e-02
1.650190891358645912e-02
1.605504993175676728e-02
1.336220061662820452e-02
1.208065207348409283e-02
1.814130218580093518e-02
1.882878449880530380e-02
1.864758561161727890e-02
1.639810255810913997e-02
2.117830042076951358e-02
2.005916999997778283e-02
1.586848829279733503e-02
1.739638992117317068e-02
2.022940180630633522e-02
1.996346094485269146e-02
1.491365319746279158e-02
2.188686723202445603e-02
1.760422730161009808e-02
1.699565372012227377e-02
1.493261207355046222e-02
1.521389691804316512e-02
1.956160130657730312e-02
1.973188126298266662e-02
2.004027992406744868e-02
1.512934851587909371e-02
1.820173031354641729e-02
1.896784896303253809e-02
1.690376855186184746e-02
1.158313153016042596e-02
1.248504249452818578e-02
1.860398215592943758e-02
2.034691829686966630e-02
1.905385534689128801e-02
1.289155118328860067e-02
1.482334446922621563e-02
1.639810255810913997e-02
1.764570731442238055e-02
1.619590486693357756e-02
1.885147298562747653e-02
1.781994339495452523e-02
1.369111908795232931e-02
1.400782032461902159e-02
1.313062093475818141e-02
1.932630504212897241e-02
1.512469946539406716e-02
1.443509153022679535e-02
1.836491240445985856e-02
1.683705948463455615e-02
1.586848829279733503e-02
1.674313820053318150e-02
1.812594744160740678e-02
1.948425692494340500e-02
2.008900661956656425e-02
1.873039697516598254e-02
1.911653279569719074e-02
1.206203080164404071e-02
1.518180054832264994e-02
1.108102505630588139e-02
1.711138734485405030e-02
2.166367454892028158e-02
1.508514512452689693e-02
2.086217498446779617e-02
1.299535753876591981e-02
1.784324890300286598e-02
1.907816425463962351e-02
1.754561553473503455e-02
1.242236504572228652e-02
1.466016237831277956e-02
1.984939775354599770e-02
1.426411158099596434e-02
1.872336848355629288e-02
1.435415833165989800e-02
1.869352110281304394e-02
1.789572626689354268e-02
1.756992444248336657e-02
1.620427554531862768e-02
2.090294129599370998e-02
2.004027992406744868e-02
1.940911640567767951e-02
1.766883961641085507e-02
1.287375387801626032e-02
1.858064371131595491e-02
1.872336848355629288e-02
1.423289117270500580e-02
2.005916999997778283e-02
1.468207351559276848e-02
1.545612840854214409e-02
2.090294129599370998e-02
1.956160130657730312e-02
1.460914722342000760e-02
1.525537693085544932e-02
1.806551931386191773e-02
1.458762458120323006e-02
1.993647356859012953e-02
1.655715640561131186e-02
1.858064371131595491e-02
1.678460745219099992e-02
2.117830042076951358e-02
2.002294146890593735e-02
1.655436094603001188e-02
1.635733624658322963e-02
1.907816425463962351e-02
1.589035659842312487e-02
1.289155118328860067e-02
2.059624488416861993e-02
2.332828823997374484e-02
1.842811066033952019e-02
1.443509153022679535e-02
1.641532181324990153e-02
1.678460745219099992e-02
1.596393298095592772e-02
1.828912953252084458e-02
1.609209851145625841e-02
1.674313820053318150e-02
1.395160632821230290e-02
2.332828823997374484e-02
1.789197559850198155e-02
1.362814147808184828e-02
1.740289875495720784e-02
1.683705948463455615e-02
1.616468445864262249e-02
1.984939775354599770e-02
1.313062093475818141e-02
1.668964967346939568e-02
1.234977909853592418e-02
1.278920812358456949e-02
2.001225644052914004e-02
1.877472280659005580e-02
1.400724452425404498e-02
2.158789167698126760e-02
1.824510854127825432e-02
1.689567125150961968e-02
1.907816425463962351e-02
1.158313153016042596e-02
1.639815070818595108e-02
1.682798567992283348e-02
1.586593881067234132e-02
1.781994339495452523e-02
1.872336848355629288e-02
2.032260938912133774e-02
1.269481474095996917e-02
1.932818320711078564e-02
1.634942401268683204e-02
1.474010948210285193e-02
1.604341996603395396e-02
1.387255692862675999e-02
2.286975114234442857e-02
1.771251535747488462e-02
1.108102505630588139e-02
1.609209851145625841e-02
2.181108436008544205e-02
1.984939775354599770e-02
1.468428000499898307e-02
1.534858451367045011e-02
1.531770327352048426e-02
1.400782032461902159e-02
1.739638992117317068e-02
1.653336595410139984e-02
1.672417932444551433e-02
1.963046952193724798e-02
2.152841115292802171e-02
1.450534086794268845e-02
1.234977909853592418e-02
1.481269542928921427e-02
2.158789167698126760e-02
2.158789167698126760e-02
2.246719913889682826e-02
1.639810255810913997e-02
1.325839426115088537e-02
1.337127442133992719e-02
2.105547434697014469e-02
1.902571982731409220e-02
1.961405333902085935e-02
1.741739139150692839e-02
2.181108436008544205e-02
1.885147298562747653e-02
1.491365319746279158e-02
2.181108436008544205e-02
2.204642877461058387e-02
1.784777875346714449e-02
1.592157700671408341e-02
1.439937497698822594e-02
1.827848049258384150e-02
1.655715640561131186e-02
1.349746401262046612e-02
2.117830042076951358e-02
1.662322155627193876e-02
1.256413727549858354e-02
1.858064371131595491e-02
1.753655249117777593e-02
1.495860786521847723e-02
1.541714496284779350e-02
1.441683578046580073e-02
1.890998620258231566e-02
1.911653279569719074e-02
1.674313820053318150e-02
1.628005841725764166e-02
1.566528575033714066e-02
1.653336595410139984e-02
1.395160632821230290e-02
1.206203080164404071e-02
1.495860786521847723e-02
1.935614166171775730e-02
2.117830042076951358e-02
1.481269542928921427e-02
1.990663694900134811e-02
1.715911064065316766e-02
1.208065207348409283e-02
1.433669752818232494e-02
2.034691829686966630e-02
1.883420333064330168e-02
1.832343099116502325e-02
1.580435021456437494e-02
1.592157700671408341e-02
1.776323299903545538e-02
1.902571982731409220e-02
2.181108436008544205e-02
1.377021386892272707e-02
1.428157238447353913e-02
1.474010948210285193e-02
1.815006506829361030e-02
2.125408329270852756e-02
1.621416061669457218e-02
1.814130218580093518e-02
1.859513357917372267e-02
1.801480167230135043e-02
1.952083499505139277e-02
1.892563120366318880e-02
1.969686470256956298e-02
1.678460745219099992e-02
1.703088649742506844e-02
1.647068850529549711e-02
1.769064705184909478e-02
1.703088649742506844e-02
1.961405333902085935e-02
1.653692547399956275e-02
1.873039697516598254e-02
2.138934668870078742e-02
1.407983047144040385e-02
1.672417932444551433e-02
1.605684040270634327e-02
1.306165781882225041e-02
1.827848049258384150e-02
1.824510854127825432e-02
2.052046201222960595e-02
1.334940611571413735e-02
1.735696326376144280e-02
1.867091645111273665e-02
1.463095465885824731e-02
1.984939775354599770e-02
1.568454635138277070e-02
1.633077605881821243e-02
2.332828823997374484e-02
1.864758561161727890e-02
1.579370117462737533e-02
1.512934851587909371e-02
1.655715640561131186e-02
2.052046201222960595e-02
1.478808636047630222e-02
2.011606279600645919e-02
1.665444196456289383e-02
1.939086065591668490e-02
1.973188126298266662e-02
1.686039032413001390e-02
1.940750674590598426e-02
1.942638606066185436e-02
1.709392654137647724e-02
1.844538031532369504e-02
1.616280629366080926e-02
1.426411158099596434e-02
1.753655249117777593e-02
1.506241422069579637e-02
1.504891659345505318e-02
1.822584794023262428e-02
2.191116537861832400e-02
1.528188156685553190e-02
1.158313153016042596e-02
1.498943606940180556e-02
1.498943606940180556e-02
1.860398215592943758e-02
1.518180054832264994e-02
1.476621805485050891e-02
1.641532181324990153e-02
1.528560690379996909e-02
1.906251925355875385e-02
1.518180054832264994e-02
2.008900661956656425e-02
1.219729419763630231e-02
1.801480167230135043e-02
1.405796216581461401e-02
1.832965429570994342e-02
1.693714050316743810e-02
1.609209851145625841e-02
1.701292337510645208e-02
1.541714496284779350e-02
1.890998620258231566e-02
1.626849081411994163e-02
1.940911640567767951e-02
1.956164945665411423e-02
1.689567125150961968e-02
1.445236118521096846e-02
2.254394931793425247e-02
1.641532181324990153e-02
1.611035426121725303e-02
1.860398215592943758e-02
1.468207351559276848e-02
1.634942401268683204e-02
1.882344950208917483e-02
2.009872434084495132e-02
1.399498455594413299e-02
1.965609839104365264e-02
1.709392654137647724e-02
1.705467694893498046e-02
1.515993224269685663e-02
1.907816425463962351e-02
1.636669366767101036e-02
1.287375387801626032e-02
1.811860802777866958e-02
1.538568792233285104e-02
1.861962715701030724e-02
1.762139840667404506e-02
1.691284235657357013e-02
1.144786813416816436e-02
1.278920812358456949e-02
1.776323299903545538e-02
1.832965429570994342e-02
2.189389572363414568e-02
1.697516869923860333e-02
1.988767807291367748e-02
1.550164521493505032e-02
1.429982813423453375e-02
2.286975114234442857e-02
1.550164521493505032e-02
1.825387142377092944e-02
1.707240389915969797e-02
1.498943606940180556e-02
1.362814147808184828e-02
1.945994801719507644e-02
1.880617984710499652e-02
1.885147298562747653e-02
1.834529929679081309e-02
1.959661786699040675e-02
1.812594744160740678e-02
1.844538031532369504e-02
1.399498455594413299e-02
1.714818677109871195e-02
1.553002235434488079e-02
1.895871289808143470e-02
1.895871289808143470e-02
1.454901660900672147e-02
1.628005841725764166e-02
2.003486109222944733e-02
2.059693724934082842e-02
1.898126939970493088e-02
1.362814147808184828e-02
1.622736190744851828e-02
1.988767807291367748e-02
1.828912953252084458e-02
1.650190891358645912e-02
1.981005874935358457e-02
1.475785638753178246e-02
1.773944254752554683e-02
1.334940611571413735e-02
1.242236504572228652e-02
1.812210661368663864e-02
1.171380899562180986e-02
1.846871875993717771e-02
1.653692547399956275e-02
1.859513357917372267e-02
1.769064705184909478e-02
1.906251925355875385e-02
1.576909210581445980e-02
1.590815657004169409e-02
1.458757643112641722e-02
1.387255692862675999e-02
1.902571982731409220e-02
1.647068850529549711e-02
1.645055459055269273e-02
2.181108436008544205e-02
1.479308916483457366e-02
1.635733624658322963e-02
1.616280629366080926e-02
1.650195706366327023e-02
1.656838251451450347e-02
1.495860786521847723e-02
1.340337079106044584e-02
1.654094050935762256e-02
1.518180054832264994e-02
1.746076961923876195e-02
1.498943606940180556e-02
1.171380899562180986e-02
1.697516869923860333e-02
1.707240389915969797e-02
1.940911640567767951e-02
1.809058454424036441e-02
2.019438524589323158e-02
1.867091645111273665e-02
1.423289117270500580e-02
1.429556862151090679e-02
1.560545157041236947e-02
1.337127442133992719e-02
1.732380397398681007e-02
1.454681011960050688e-02
1.963046952193724798e-02
1.787826546341596962e-02
1.465282296448404062e-02
1.942638606066185436e-02
1.674313820053318150e-02
1.590815657004169409e-02
2.090294129599370998e-02
1.646114260206054877e-02
1.866514396340321347e-02
1.605504993175676728e-02
2.001225644052914004e-02
1.605504993175676728e-02
1.619031332774902715e-02
1.298256303785185264e-02
1.816932566933923687e-02
1.809058454424036441e-02
1.492715082470353477e-02
1.965609839104365264e-02
1.696324907591509334e-02
1.656838251451450347e-02
1.619031332774902715e-02
2.086217498446779617e-02
1.478808636047630222e-02
1.713469285290238758e-02
1.753655249117777593e-02
1.803568269427313631e-02
1.256413727549858354e-02
1.465282296448404062e-02
1.684694455601050064e-02
2.015361893436732124e-02
1.693522559237678818e-02
1.689567125150961968e-02
1.973188126298266662e-02
1.278920812358456949e-02
1.703088649742506844e-02
1.478808636047630222e-02
2.026859584698290084e-02
1.892191347183677305e-02
1.458762458120323006e-02
1.619590486693357756e-02
1.961405333902085935e-02
1.622736190744851828e-02
1.795658791330273854e-02
1.476621805485050891e-02
1.619031332774902715e-02
2.004027992406744868e-02
1.553002235434488079e-02
1.745906736997906994e-02
1.953573088913408695e-02
1.753724485634998442e-02
1.873039697516598254e-02
1.489689552031189280e-02
1.714818677109871195e-02
1.973427587741456712e-02
1.144786813416816436e-02
1.776323299903545538e-02
1.978672030474010191e-02
1.399498455594413299e-02
1.716970941331549122e-02
2.030918895244894495e-02
1.454681011960050688e-02
1.337127442133992719e-02
1.620427554531862768e-02
1.970625239387626543e-02
1.639810255810913997e-02
1.171380899562180986e-02
1.349746401262046612e-02
1.369111908795232931e-02
1.518180054832264994e-02
1.273849048202399872e-02
1.560545157041236947e-02
1.864758561161727890e-02
1.898126939970493088e-02
1.672417932444551433e-02
1.605684040270634327e-02
1.938045056946608585e-02
1.474010948210285193e-02
1.590815657004169409e-02
2.246719913889682826e-02
1.400782032461902159e-02
1.466016237831277956e-02
1.452714830338092816e-02
1.345408578488863603e-02
1.399498455594413299e-02
1.437466340248130629e-02
1.331882238889637443e-02
1.624561765720951290e-02
1.869352110281304394e-02
1.960063290234846656e-02
1.347135543987280915e-02
1.668783387107269575e-02
2.188686723202445603e-02
1.780248259147695217e-02
1.622736190744851828e-02
1.345408578488863603e-02
1.740289875495720784e-02
1.903198704126549817e-02
1.899769634377578703e-02
1.641532181324990153e-02
1.858064371131595491e-02
2.204642877461058387e-02
1.595303404722902413e-02
1.678460745219099992e-02
1.715911064065316766e-02
2.001225644052914004e-02
2.251964041018592044e-02
1.873039697516598254e-02
1.208065207348409283e-02
1.459973425056729050e-02
1.287375387801626032e-02
1.850017580045211843e-02
1.590815657004169409e-02
1.591466550617146036e-02
1.869352110281304394e-02
1.452714830338092816e-02
1.545612840854214409e-02
1.649259964257548949e-02
1.899769634377578703e-02
1.435228016667808651e-02
2.158789167698126760e-02
1.816932566933923687e-02
2.016478949150558170e-02
2.152841115292802171e-02
1.517959405891643535e-02
2.086217498446779617e-02
1.709392654137647724e-02
1.498943606940180556e-02
2.105547434697014469e-02
1.956160130657730312e-02
1.682868880624950603e-02
2.059624488416861993e-02
1.899769634377578703e-02
1.869352110281304394e-02
1.635733624658322963e-02
1.883420333064330168e-02
1.672488245077218688e-02
2.019281297504388339e-02
1.459973425056729050e-02
1.592891642054282408e-02
1.331882238889637443e-02
1.337127442133992719e-02
1.377021386892272707e-02
1.812594744160740678e-02
2.145262828098900773e-02
2.086217498446779617e-02
1.633077605881821243e-02
1.515993224269685663e-02
1.932818320711078564e-02
1.798684321769437877e-02
1.171380899562180986e-02
1.892563120366318880e-02
1.728722590387882230e-02
1.538568792233285104e-02
1.766883961641085507e-02
1.628005841725764166e-02
1.337127442133992719e-02
1.470354060604460965e-02
1.352433512260452914e-02
1.534858451367045011e-02
1.717131907308718647e-02
1.882878449880530380e-02
1.481269542928921427e-02
1.714818677109871195e-02
1.943192453365676781e-02
1.963418725376366719e-02
2.145262828098900773e-02
1.595303404722902413e-02
1.869352110281304394e-02
1.961405333902085935e-02
1.927385300968541965e-02
1.387255692862675999e-02
1.466016237831277956e-02
1.487537287809511354e-02
1.709392654137647724e-02
1.899769634377578703e-02
1.609209851145625841e-02
2.181108436008544205e-02
1.433669752818232494e-02
1.769064705184909478e-02
1.515993224269685663e-02
2.131356381676177345e-02
1.835426336452285895e-02
1.633116826292583743e-02
1.653692547399956275e-02
1.864758561161727890e-02
1.521389691804316512e-02
1.526373859817417578e-02
1.743274613570045678e-02
1.439937497698822594e-02
1.945623344140510330e-02
2.189389572363414568e-02
1.495860786521847723e-02
1.508514512452689693e-02
2.086217498446779617e-02
2.059624488416861993e-02
1.647068850529549711e-02
1.399498455594413299e-02
1.596393298095592772e-02
1.739638992117317068e-02
2.317575518899730319e-02
1.364560228155942134e-02
1.766883961641085507e-02
1.497599030128229231e-02
1.466241169937318976e-02
1.682868880624950603e-02
1.842439292851310445e-02
1.661386680153038170e-02
1.662322155627193876e-02
1.753816215094946770e-02
1.443509153022679535e-02
1.789197559850198155e-02
2.261973218987326645e-02
2.246719913889682826e-02
1.414250792024630658e-02
1.764570731442238055e-02
1.269481474095996917e-02
1.827848049258384150e-02
1.769064705184909478e-02
2.261973218987326645e-02
1.481269542928921427e-02
1.605684040270634327e-02
1.362814147808184828e-02
1.907816425463962351e-02
1.925559725992442503e-02
1.495860786521847723e-02
1.939086065591668490e-02
1.935614166171775730e-02
1.703605567709492660e-02
2.254394931793425247e-02
1.732380397398681007e-02
1.762139840667404506e-02
1.753816215094946770e-02
1.898673638161973640e-02
1.423940000648904469e-02
1.825387142377092944e-02
1.697516869923860333e-02
1.643311911852224361e-02
1.880617984710499652e-02
1.815006506829361030e-02
2.086217498446779617e-02
1.458762458120323006e-02
1.787826546341596962e-02
1.674313820053318150e-02
1.423940000648904469e-02
1.880617984710499652e-02
1.685944272043777420e-02
1.839293588799816373e-02
1.869352110281304394e-02
1.531770327352048426e-02
1.956164945665411423e-02
1.302681457928086227e-02
1.337127442133992719e-02
1.892563120366318880e-02
1.678460745219099992e-02
1.809058454424036441e-02
1.940911640567767951e-02
1.852819928399042360e-02
1.753724485634998442e-02
1.693714050316743810e-02
1.416030522551864519e-02
1.696324907591509334e-02
1.435415833165989800e-02
2.086217498446779617e-02
1.498943606940180556e-02
1.705467694893498046e-02
2.239141626695781429e-02
2.246719913889682826e-02
1.842439292851310445e-02
1.552095131832511264e-02
1.579370117462737533e-02
1.679996219638452831e-02
1.273849048202399872e-02
1.465282296448404062e-02
1.820173031354641729e-02
1.686039032413001390e-02
1.423940000648904469e-02
1.696324907591509334e-02
1.776323299903545538e-02
1.463095465885824731e-02
1.285188557239047048e-02
2.002294146890593735e-02
1.910311235902479796e-02
1.907816425463962351e-02
1.426411158099596434e-02
1.533516407699805732e-02
1.956003979688242245e-02
2.059624488416861993e-02
1.882717483903361202e-02
1.824510854127825432e-02
1.835426336452285895e-02
2.246719913889682826e-02
1.601847186164877951e-02
2.158789167698126760e-02
1.515993224269685663e-02
1.498943606940180556e-02
1.589035659842312487e-02
1.753655249117777593e-02
1.302681457928086227e-02
1.528560690379996909e-02
2.117830042076951358e-02
1.674313820053318150e-02
1.487218394580497316e-02
1.601847186164877951e-02
2.117830042076951358e-02
2.131356381676177345e-02
1.522036037044234569e-02
1.219729419763630231e-02
1.287375387801626032e-02
1.459973425056729050e-02
1.576909210581445980e-02
1.679996219638452831e-02
1.599416295390044401e-02
1.340337079106044584e-02
1.728722590387882230e-02
1.709392654137647724e-02
1.450534086794268845e-02
1.996346094485269146e-02
1.963046952193724798e-02
1.655063560908557468e-02
1.580435021456437494e-02
2.002294146890593735e-02
1.460914722342000760e-02
1.242887387950632194e-02
1.882344950208917483e-02
1.435415833165989800e-02
1.892725585756649398e-02
1.400724452425404498e-02
2.208541222030493620e-02
1.668783387107269575e-02
1.988838119924035350e-02
2.003486109222944733e-02
1.512469946539406716e-02
1.538568792233285104e-02
1.678970536055515370e-02
2.026859584698290084e-02
1.899769634377578703e-02
1.716970941331549122e-02
1.466241169937318976e-02
1.770803365708741722e-02
1.956164945665411423e-02
1.787826546341596962e-02
1.697516869923860333e-02
1.478808636047630222e-02
1.835426336452285895e-02
1.462660802689758066e-02
1.655715640561131186e-02
1.563382870982219994e-02
1.371949622736215804e-02
1.171380899562180986e-02
1.906251925355875385e-02
1.672417932444551433e-02
1.586848829279733503e-02
2.016478949150558170e-02
1.827848049258384150e-02
2.019438524589323158e-02
1.911653279569719074e-02
1.596393298095592772e-02
2.166367454892028158e-02
2.117830042076951358e-02
1.533516407699805732e-02
1.493261207355046222e-02
1.302681457928086227e-02
1.400724452425404498e-02
1.940911640567767951e-02
1.755550060611097557e-02
1.435415833165989800e-02
1.558073999590544982e-02
