2.947614145844971306e-02
2.874095774868452163e-02
2.817211906840198787e-02
2.783924651018726548e-02
2.171752879121820190e-02
2.234086223221447981e-02
2.818108861290731515e-02
2.432298564403343605e-02
2.547380417500012817e-02
2.443353047828764751e-02
2.508155703832897973e-02
2.107852762695559129e-02
3.037740846982159293e-02
2.705465505436920742e-02
2.972135678854179869e-02
2.548974961096307085e-02
3.113691577759986062e-02
2.946047373518338730e-02
2.604779172586404665e-02
2.604779172586404665e-02
2.650225498393053020e-02
2.080059405657999280e-02
3.141657708547983263e-02
2.796267218638470026e-02
3.141657708547983263e-02
2.972135678854179869e-02
2.393873681182962995e-02
2.717799401644348245e-02
2.716902447193815517e-02
2.317119587302875899e-02
2.516251608769061454e-02
2.184606856575646225e-02
2.447591039100028426e-02
2.853145892478462647e-02
2.365907550394965794e-02
2.289326230265316051e-02
2.683623862784659253e-02
2.374003455331129275e-02
3.362186648689943769e-02
3.290235050040057202e-02
2.431401609952810877e-02
2.796267218638470026e-02
2.790142730502734314e-02
2.317119587302875899e-02
2.647689877146396087e-02
2.548974961096307085e-02
2.535046521292585314e-02
2.612875077522568146e-02
2.632230416316263047e-02
2.865999869932288682e-02
3.113691577759986062e-02
2.569897072216634909e-02
2.379452931402503690e-02
2.795592206574108729e-02
2.395512347979087894e-02
2.874095774868452163e-02
2.855920672381150743e-02
2.431401609952810877e-02
3.115569403212142124e-02
2.968564028234961516e-02
2.540879056160143604e-02
2.519934367958414495e-02
2.894342873924419385e-02
3.113691577759986062e-02
2.217330208902891855e-02
3.708252150663818303e-02
3.122590845798410217e-02
2.697552302588381024e-02
2.855920672381150743e-02
2.465696928794949838e-02
3.362186648689943769e-02
3.292112875492213264e-02
2.217330208902891855e-02
2.865999869932288682e-02
2.705465505436920742e-02
2.935726335634057660e-02
2.608842036683414745e-02
2.357464337962840439e-02
2.968564028234961516e-02
2.519587060462452621e-02
2.403608252915251375e-02
2.608842036683414745e-02
2.555996403682575177e-02
2.281230325329152570e-02
2.225990318285284500e-02
2.817211906840198787e-02
2.519934367958414495e-02
3.271162993102223054e-02
3.426086765116204136e-02
2.471146404866324253e-02
2.080059405657999280e-02
2.225426113839055337e-02
2.519934367958414495e-02
2.393873681182962995e-02
2.586325381966791959e-02
2.293564221536579725e-02
3.426086765116204136e-02
2.293564221536579725e-02
3.115569403212142124e-02
3.217891721181671133e-02
2.184606856575646225e-02
2.796267218638470026e-02
2.717422528440214743e-02
2.225426113839055337e-02
2.874095774868452163e-02
2.689456397652217542e-02
3.292112875492213264e-02
2.284396234975630269e-02
2.550546927611200415e-02
2.640668434560127648e-02
3.290235050040057202e-02
2.871826219207796599e-02
2.519587060462452621e-02
2.374003455331129275e-02
2.753356514078478604e-02
2.338633674139094926e-02
2.184606856575646225e-02
2.780802563620076578e-02
2.325779696685268544e-02
2.937951468582175249e-02
2.471146404866324253e-02
2.647689877146396087e-02
2.470107693816650865e-02
3.115569403212142124e-02
2.965114236267912123e-02
3.290235050040057202e-02
2.107852762695559129e-02
2.790142730502734314e-02
2.447591039100028426e-02
2.947614145844971306e-02
2.529597045221210899e-02
2.632230416316263047e-02
2.465696928794949838e-02
2.783924651018726548e-02
2.225426113839055337e-02
2.528030272894577976e-02
2.865999869932288682e-02
3.141657708547983263e-02
2.225990318285284500e-02
2.625208973729994955e-02
2.331612231552826833e-02
3.362186648689943769e-02
2.346729579075258407e-02
3.207262876675962687e-02
2.717422528440214743e-02
2.365560242899003920e-02
2.716902447193815517e-02
2.261879580259007483e-02
2.723923889780083957e-02
2.437903571757389989e-02
2.365907550394965794e-02
2.966686202782805454e-02
2.184606856575646225e-02
2.696477840238485635e-02
2.781699518070608612e-02
2.608842036683414745e-02
2.607945082232882017e-02
2.753356514078478604e-02
2.403608252915251375e-02
2.331612231552826833e-02
2.893445919473886657e-02
2.965789248332272726e-02
3.101640963408420354e-02
3.171373614702238664e-02
2.071963500721835799e-02
3.171373614702238664e-02
2.395512347979087894e-02
2.217330208902891855e-02
3.179469519638402492e-02
2.516251608769061454e-02
2.429807666821226508e-02
2.550546927611200415e-02
2.107852762695559129e-02
3.272059947552755782e-02
3.114494940862246736e-02
2.540879056160143604e-02
2.753356514078478604e-02
2.519934367958414495e-02
2.790142730502734314e-02
2.604779172586404665e-02
2.617113068793831474e-02
2.818108861290731515e-02
2.455686944036191907e-02
2.107852762695559129e-02
2.624134511380099566e-02
2.723923889780083957e-02
3.029014352694173184e-02
2.865999869932288682e-02
2.947614145844971306e-02
2.932390883940666493e-02
3.208159831126494721e-02
2.624134511380099566e-02
2.365907550394965794e-02
2.871826219207796599e-02
2.547380417500012817e-02
2.162090201859023439e-02
2.071963500721835799e-02
3.531708678383747163e-02
2.529597045221210899e-02
3.290235050040057202e-02
3.171373614702238664e-02
3.029014352694173184e-02
2.470107693816650865e-02
2.790142730502734314e-02
2.374003455331129275e-02
3.041348248901599993e-02
2.619723746358398886e-02
2.371357026466340209e-02
2.550546927611200415e-02
2.548974961096307085e-02
3.177591694186247123e-02
3.177591694186247123e-02
2.457253716362824830e-02
2.853145892478462647e-02
3.107473498275978643e-02
2.704573745174649116e-02
2.717422528440214743e-02
2.755847411660595353e-02
2.619723746358398886e-02
3.001851585008435963e-02
2.071963500721835799e-02
2.789245776052201586e-02
2.217330208902891855e-02
2.293564221536579725e-02
2.716902447193815517e-02
3.271162993102223054e-02
2.583834484384675209e-02
2.162090201859023439e-02
2.865999869932288682e-02
2.697552302588381024e-02
2.619723746358398886e-02
2.583834484384675209e-02
2.357464337962840439e-02
3.122590845798410217e-02
2.696477840238485635e-02
2.365907550394965794e-02
2.795592206574108729e-02
2.965114236267912123e-02
2.966686202782805454e-02
2.723923889780083957e-02
2.683623862784659253e-02
2.755847411660595353e-02
2.865999869932288682e-02
3.060257501698782079e-02
2.944169548066182668e-02
3.008069664492443729e-02
2.968564028234961516e-02
2.847824767444987262e-02
2.966686202782805454e-02
2.107852762695559129e-02
2.401969586119126476e-02
2.338633674139094926e-02
3.041348248901599993e-02
2.762868854246863098e-02
3.217891721181671133e-02
2.365560242899003920e-02
2.604779172586404665e-02
3.362186648689943769e-02
2.591930389320838690e-02
3.060257501698782079e-02
3.037740846982159293e-02
2.696477840238485635e-02
2.608842036683414745e-02
2.535046521292585314e-02
2.641565389010660375e-02
2.855920672381150743e-02
2.331612231552826833e-02
3.008069664492443729e-02
3.383806348956033827e-02
3.177591694186247123e-02
3.041348248901599993e-02
3.362186648689943769e-02
2.960468123298798035e-02
2.642240401075020978e-02
3.290235050040057202e-02
2.365560242899003920e-02
2.471146404866324253e-02
2.225990318285284500e-02
2.357464337962840439e-02
3.384703303406566555e-02
3.362186648689943769e-02
2.583834484384675209e-02
3.122590845798410217e-02
2.393873681182962995e-02
2.795592206574108729e-02
2.393873681182962995e-02
2.723923889780083957e-02
2.317119587302875899e-02
3.272059947552755782e-02
2.725518433376378225e-02
2.080059405657999280e-02
2.080059405657999280e-02
2.717799401644348245e-02
3.207262876675962687e-02
2.932390883940666493e-02
3.179469519638402492e-02
2.717422528440214743e-02
2.393873681182962995e-02
3.538730120970014908e-02
3.001851585008435963e-02
3.171373614702238664e-02
2.704573745174649116e-02
3.531708678383747163e-02
3.708252150663818303e-02
2.471146404866324253e-02
2.317119587302875899e-02
2.681013185220092535e-02
2.617113068793831474e-02
2.435257142892601270e-02
2.762868854246863098e-02
3.048369691487867739e-02
3.538730120970014908e-02
2.781699518070608612e-02
2.819747528086856414e-02
2.819747528086856414e-02
2.647689877146396087e-02
2.528030272894577976e-02
2.819747528086856414e-02
3.029014352694173184e-02
2.716902447193815517e-02
2.550546927611200415e-02
2.604779172586404665e-02
2.365907550394965794e-02
2.401969586119126476e-02
2.569897072216634909e-02
3.272059947552755782e-02
2.640668434560127648e-02
2.611280533926273184e-02
2.801752446010066094e-02
2.374003455331129275e-02
3.177591694186247123e-02
2.516251608769061454e-02
2.338633674139094926e-02
2.874095774868452163e-02
2.796267218638470026e-02
3.284016970556050130e-02
3.029014352694173184e-02
2.478203598752814346e-02
2.569897072216634909e-02
2.184606856575646225e-02
2.625208973729994955e-02
2.681013185220092535e-02
2.683623862784659253e-02
2.170186106795186920e-02
2.966686202782805454e-02
2.325779696685268544e-02
2.381019703729136960e-02
2.339708136488990314e-02
2.705465505436920742e-02
2.753356514078478604e-02
2.874095774868452163e-02
2.519587060462452621e-02
2.753356514078478604e-02
2.893445919473886657e-02
2.357464337962840439e-02
2.457253716362824830e-02
2.393873681182962995e-02
2.796267218638470026e-02
3.383806348956033827e-02
3.171373614702238664e-02
2.008063384295575085e-02
2.859492323000369790e-02
2.947614145844971306e-02
3.426086765116204136e-02
3.284016970556050130e-02
2.447591039100028426e-02
2.619723746358398886e-02
2.704568550986388709e-02
2.604779172586404665e-02
2.619723746358398886e-02
2.429807666821226508e-02
2.293564221536579725e-02
2.162090201859023439e-02
2.683623862784659253e-02
2.611280533926273184e-02
2.792020555954890029e-02
3.271162993102223054e-02
2.855920672381150743e-02
2.783924651018726548e-02
2.547900498746411696e-02
2.704573745174649116e-02
2.437903571757389989e-02
3.384703303406566555e-02
2.717422528440214743e-02
2.548974961096307085e-02
3.284016970556050130e-02
3.531708678383747163e-02
2.508155703832897973e-02
3.383806348956033827e-02
2.495301726379071938e-02
2.379452931402503690e-02
2.607945082232882017e-02
2.965789248332272726e-02
2.171752879121820190e-02
2.632230416316263047e-02
2.696477840238485635e-02
2.438423052539079317e-02
2.871826219207796599e-02
2.395512347979087894e-02
2.965114236267912123e-02
2.548974961096307085e-02
2.780802563620076578e-02
2.855920672381150743e-02
2.640668434560127648e-02
2.681013185220092535e-02
2.457253716362824830e-02
2.583834484384675209e-02
2.619723746358398886e-02
2.401969586119126476e-02
3.114494940862246736e-02
2.683623862784659253e-02
3.292112875492213264e-02
2.317119587302875899e-02
2.755847411660595353e-02
2.935726335634057660e-02
2.717422528440214743e-02
2.234086223221447981e-02
2.511491155526289140e-02
2.960468123298798035e-02
2.854042846928994681e-02
2.437903571757389989e-02
2.555996403682575177e-02
2.234086223221447981e-02
2.780802563620076578e-02
3.037740846982159293e-02
3.101640963408420354e-02
2.847824767444987262e-02
2.435257142892601270e-02
2.519934367958414495e-02
3.538730120970014908e-02
2.683623862784659253e-02
2.548974961096307085e-02
2.865999869932288682e-02
2.683623862784659253e-02
2.519934367958414495e-02
2.301660126472743206e-02
3.101640963408420354e-02
2.624134511380099566e-02
2.972135678854179869e-02
3.207262876675962687e-02
2.591930389320838690e-02
2.932390883940666493e-02
3.208159831126494721e-02
2.371357026466340209e-02
3.284016970556050130e-02
3.113691577759986062e-02
3.207262876675962687e-02
2.547380417500012817e-02
2.761452419014642085e-02
2.429807666821226508e-02
2.516251608769061454e-02
3.217891721181671133e-02
2.470107693816650865e-02
3.214284319262231127e-02
2.432298564403343605e-02
2.393873681182962995e-02
3.141657708547983263e-02
2.801752446010066094e-02
2.371357026466340209e-02
2.550546927611200415e-02
2.761452419014642085e-02
2.403608252915251375e-02
2.792020555954890029e-02
2.470107693816650865e-02
3.595608794810007530e-02
2.217330208902891855e-02
2.325779696685268544e-02
2.374003455331129275e-02
2.689109090156256016e-02
2.471146404866324253e-02
2.381019703729136960e-02
2.716902447193815517e-02
2.529597045221210899e-02
2.493663059582947039e-02
2.704568550986388709e-02
3.292112875492213264e-02
2.550546927611200415e-02
2.642240401075020978e-02
2.261879580259007483e-02
2.801752446010066094e-02
2.697552302588381024e-02
3.048369691487867739e-02
2.555996403682575177e-02
2.301660126472743206e-02
2.647689877146396087e-02
2.883714029418710939e-02
3.177591694186247123e-02
2.641565389010660375e-02
2.704573745174649116e-02
2.641565389010660375e-02
3.008069664492443729e-02
3.538730120970014908e-02
2.853145892478462647e-02
2.443353047828764751e-02
2.371357026466340209e-02
2.338633674139094926e-02
2.184606856575646225e-02
2.284396234975630269e-02
2.432298564403343605e-02
2.847824767444987262e-02
2.871826219207796599e-02
2.438423052539079317e-02
2.611280533926273184e-02
2.947614145844971306e-02
2.393353599936563769e-02
2.681013185220092535e-02
2.725518433376378225e-02
3.531708678383747163e-02
2.968564028234961516e-02
2.640668434560127648e-02
2.789245776052201586e-02
2.217330208902891855e-02
2.755847411660595353e-02
3.115569403212142124e-02
3.009947489944599444e-02
2.604779172586404665e-02
3.171373614702238664e-02
2.871826219207796599e-02
2.301660126472743206e-02
2.818108861290731515e-02
2.965114236267912123e-02
2.817211906840198787e-02
2.547380417500012817e-02
2.612875077522568146e-02
2.625208973729994955e-02
2.705465505436920742e-02
2.403608252915251375e-02
2.761452419014642085e-02
2.608842036683414745e-02
3.122590845798410217e-02
3.708252150663818303e-02
3.105248365327861054e-02
2.289326230265316051e-02
3.107473498275978643e-02
2.624134511380099566e-02
2.792020555954890029e-02
2.435257142892601270e-02
2.293564221536579725e-02
3.426086765116204136e-02
2.393873681182962995e-02
2.612875077522568146e-02
2.717799401644348245e-02
2.438423052539079317e-02
3.105248365327861054e-02
2.569897072216634909e-02
2.647689877146396087e-02
2.935726335634057660e-02
2.225990318285284500e-02
3.290235050040057202e-02
2.107852762695559129e-02
2.935726335634057660e-02
3.284016970556050130e-02
3.171373614702238664e-02
3.120713020346253808e-02
2.393353599936563769e-02
2.162090201859023439e-02
2.883714029418710939e-02
3.177591694186247123e-02
2.540879056160143604e-02
3.271162993102223054e-02
2.818108861290731515e-02
2.871826219207796599e-02
3.362186648689943769e-02
3.214284319262231127e-02
2.753356514078478604e-02
2.365560242899003920e-02
2.346729579075258407e-02
2.762868854246863098e-02
2.847824767444987262e-02
2.705465505436920742e-02
2.346729579075258407e-02
2.401969586119126476e-02
3.114494940862246736e-02
2.465696928794949838e-02
2.883714029418710939e-02
2.325779696685268544e-02
2.016159289231738566e-02
2.569897072216634909e-02
2.817211906840198787e-02
3.009947489944599444e-02
2.801752446010066094e-02
2.443353047828764751e-02
2.641565389010660375e-02
2.640668434560127648e-02
3.001851585008435963e-02
3.041348248901599993e-02
2.753356514078478604e-02
2.625208973729994955e-02
3.060257501698782079e-02
2.170186106795186920e-02
2.217330208902891855e-02
3.284016970556050130e-02
3.271162993102223054e-02
3.001851585008435963e-02
2.478203598752814346e-02
3.272059947552755782e-02
3.272059947552755782e-02
2.478203598752814346e-02
3.048369691487867739e-02
2.683623862784659253e-02
2.586325381966791959e-02
2.650225498393053020e-02
2.781699518070608612e-02
2.495301726379071938e-02
2.080059405657999280e-02
3.141657708547983263e-02
3.029014352694173184e-02
2.966686202782805454e-02
3.115569403212142124e-02
3.041348248901599993e-02
2.762868854246863098e-02
3.595608794810007530e-02
2.569897072216634909e-02
2.393873681182962995e-02
2.960468123298798035e-02
2.379452931402503690e-02
2.704573745174649116e-02
2.625208973729994955e-02
2.331612231552826833e-02
2.647689877146396087e-02
2.865999869932288682e-02
3.048369691487867739e-02
2.516251608769061454e-02
2.717799401644348245e-02
2.716902447193815517e-02
2.284396234975630269e-02
2.293564221536579725e-02
3.141657708547983263e-02
2.443353047828764751e-02
2.723923889780083957e-02
3.041348248901599993e-02
2.008063384295575085e-02
2.608842036683414745e-02
3.120713020346253808e-02
2.935726335634057660e-02
2.818108861290731515e-02
2.697552302588381024e-02
2.393873681182962995e-02
3.122590845798410217e-02
3.217891721181671133e-02
3.179469519638402492e-02
2.293564221536579725e-02
2.586325381966791959e-02
2.374003455331129275e-02
2.717799401644348245e-02
3.114494940862246736e-02
2.818108861290731515e-02
2.817211906840198787e-02
2.495301726379071938e-02
2.716902447193815517e-02
2.781699518070608612e-02
3.179469519638402492e-02
3.105248365327861054e-02
2.792020555954890029e-02
2.796267218638470026e-02
2.705465505436920742e-02
2.548974961096307085e-02
2.966686202782805454e-02
2.801752446010066094e-02
2.972135678854179869e-02
2.437903571757389989e-02
3.214284319262231127e-02
2.519934367958414495e-02
3.271162993102223054e-02
2.591930389320838690e-02
3.060257501698782079e-02
2.790142730502734314e-02
2.650225498393053020e-02
2.447591039100028426e-02
2.107852762695559129e-02
2.972135678854179869e-02
3.029014352694173184e-02
2.865999869932288682e-02
2.555996403682575177e-02
2.817211906840198787e-02
2.365907550394965794e-02
2.640668434560127648e-02
2.478203598752814346e-02
2.331612231552826833e-02
2.641565389010660375e-02
2.281230325329152570e-02
2.447591039100028426e-02
2.792020555954890029e-02
2.965789248332272726e-02
3.292112875492213264e-02
2.608842036683414745e-02
2.338633674139094926e-02
2.632230416316263047e-02
3.029014352694173184e-02
2.960468123298798035e-02
2.796267218638470026e-02
3.538730120970014908e-02
2.683623862784659253e-02
2.795592206574108729e-02
3.115569403212142124e-02
3.141657708547983263e-02
2.640668434560127648e-02
2.569897072216634909e-02
2.431401609952810877e-02
3.113691577759986062e-02
2.338633674139094926e-02
2.753356514078478604e-02
3.214284319262231127e-02
2.893445919473886657e-02
3.271162993102223054e-02
2.625208973729994955e-02
3.362186648689943769e-02
3.292112875492213264e-02
2.689456397652217542e-02
2.717799401644348245e-02
3.001851585008435963e-02
3.272059947552755782e-02
2.547380417500012817e-02
2.854042846928994681e-02
2.080059405657999280e-02
2.234086223221447981e-02
2.793656541073902613e-02
2.625208973729994955e-02
2.339708136488990314e-02
2.947614145844971306e-02
3.179469519638402492e-02
2.697552302588381024e-02
2.968564028234961516e-02
2.717422528440214743e-02
3.179469519638402492e-02
2.683623862784659253e-02
2.478203598752814346e-02
2.550546927611200415e-02
2.819747528086856414e-02
2.847824767444987262e-02
3.217891721181671133e-02
2.612875077522568146e-02
2.508155703832897973e-02
2.284396234975630269e-02
3.101640963408420354e-02
2.374003455331129275e-02
2.965114236267912123e-02
2.783924651018726548e-02
2.871826219207796599e-02
2.859492323000369790e-02
2.548974961096307085e-02
3.292112875492213264e-02
2.944169548066182668e-02
3.383806348956033827e-02
2.516251608769061454e-02
2.818108861290731515e-02
2.465696928794949838e-02
2.617113068793831474e-02
2.184606856575646225e-02
2.683623862784659253e-02
2.338633674139094926e-02
2.583834484384675209e-02
2.331612231552826833e-02
2.184606856575646225e-02
2.381019703729136960e-02
3.290235050040057202e-02
3.177591694186247123e-02
2.681013185220092535e-02
3.290235050040057202e-02
2.611280533926273184e-02
2.457253716362824830e-02
2.865999869932288682e-02
2.612875077522568146e-02
2.937951468582175249e-02
2.894342873924419385e-02
2.325779696685268544e-02
2.478203598752814346e-02
3.101640963408420354e-02
2.107852762695559129e-02
2.443353047828764751e-02
2.716902447193815517e-02
2.374003455331129275e-02
2.569897072216634909e-02
2.937951468582175249e-02
2.817211906840198787e-02
2.432298564403343605e-02
2.783924651018726548e-02
2.471146404866324253e-02
2.548974961096307085e-02
2.717799401644348245e-02
2.217330208902891855e-02
2.431401609952810877e-02
2.357464337962840439e-02
2.339708136488990314e-02
2.789245776052201586e-02
2.865999869932288682e-02
3.207262876675962687e-02
2.171752879121820190e-02
2.865999869932288682e-02
2.717422528440214743e-02
2.689456397652217542e-02
2.753356514078478604e-02
2.519934367958414495e-02
2.447591039100028426e-02
2.944169548066182668e-02
2.894342873924419385e-02
2.432298564403343605e-02
3.531708678383747163e-02
2.753356514078478604e-02
2.357464337962840439e-02
2.641565389010660375e-02
2.704573745174649116e-02
2.401969586119126476e-02
2.217330208902891855e-02
2.365907550394965794e-02
2.607945082232882017e-02
2.819747528086856414e-02
2.008063384295575085e-02
2.847824767444987262e-02
2.365907550394965794e-02
2.935726335634057660e-02
2.331612231552826833e-02
2.968564028234961516e-02
2.607945082232882017e-02
3.009947489944599444e-02
2.346729579075258407e-02
3.531708678383747163e-02
2.801752446010066094e-02
2.547900498746411696e-02
2.780802563620076578e-02
3.001851585008435963e-02
2.642240401075020978e-02
2.478203598752814346e-02
2.371357026466340209e-02
2.401969586119126476e-02
3.141657708547983263e-02
3.284016970556050130e-02
2.937951468582175249e-02
2.080059405657999280e-02
2.381019703729136960e-02
2.972135678854179869e-02
2.371357026466340209e-02
3.362186648689943769e-02
2.689109090156256016e-02
3.284016970556050130e-02
2.755847411660595353e-02
2.519934367958414495e-02
3.208159831126494721e-02
3.177591694186247123e-02
3.060257501698782079e-02
2.540879056160143604e-02
2.847824767444987262e-02
2.641565389010660375e-02
2.555996403682575177e-02
2.937951468582175249e-02
2.625208973729994955e-02
3.207262876675962687e-02
2.796267218638470026e-02
2.608842036683414745e-02
2.965114236267912123e-02
2.894342873924419385e-02
3.048369691487867739e-02
2.871826219207796599e-02
2.783924651018726548e-02
3.060257501698782079e-02
2.640668434560127648e-02
2.859492323000369790e-02
2.381019703729136960e-02
2.604779172586404665e-02
3.141657708547983263e-02
2.374003455331129275e-02
2.071963500721835799e-02
2.528030272894577976e-02
2.379452931402503690e-02
2.455686944036191907e-02
2.371357026466340209e-02
2.365907550394965794e-02
2.617113068793831474e-02
3.595608794810007530e-02
3.217891721181671133e-02
2.535046521292585314e-02
2.379452931402503690e-02
3.383806348956033827e-02
2.632230416316263047e-02
2.357464337962840439e-02
2.547900498746411696e-02
2.647689877146396087e-02
2.935726335634057660e-02
3.362186648689943769e-02
2.755847411660595353e-02
2.696477840238485635e-02
3.060257501698782079e-02
2.717422528440214743e-02
2.569897072216634909e-02
2.717422528440214743e-02
2.471146404866324253e-02
2.874095774868452163e-02
2.755847411660595353e-02
2.071963500721835799e-02
2.781699518070608612e-02
2.107852762695559129e-02
2.617113068793831474e-02
3.171373614702238664e-02
2.608842036683414745e-02
3.114494940862246736e-02
2.642240401075020978e-02
2.192702761511809706e-02
2.755847411660595353e-02
3.105248365327861054e-02
3.284016970556050130e-02
2.650225498393053020e-02
2.944169548066182668e-02
2.792020555954890029e-02
2.225990318285284500e-02
3.538730120970014908e-02
2.162090201859023439e-02
2.317119587302875899e-02
2.401969586119126476e-02
3.177591694186247123e-02
2.301660126472743206e-02
2.339708136488990314e-02
2.946047373518338730e-02
2.704568550986388709e-02
2.192702761511809706e-02
2.008063384295575085e-02
2.478203598752814346e-02
2.625208973729994955e-02
2.717799401644348245e-02
2.192702761511809706e-02
2.725518433376378225e-02
2.293564221536579725e-02
2.374003455331129275e-02
2.818108861290731515e-02
2.301660126472743206e-02
3.383806348956033827e-02
2.853145892478462647e-02
2.689456397652217542e-02
2.429807666821226508e-02
2.696477840238485635e-02
2.519934367958414495e-02
2.894342873924419385e-02
2.339708136488990314e-02
2.357464337962840439e-02
2.184606856575646225e-02
2.696477840238485635e-02
2.965114236267912123e-02
2.555996403682575177e-02
2.781699518070608612e-02
2.162090201859023439e-02
2.346729579075258407e-02
2.184606856575646225e-02
2.338633674139094926e-02
2.403608252915251375e-02
2.696477840238485635e-02
2.192702761511809706e-02
2.317119587302875899e-02
2.801752446010066094e-02
2.725518433376378225e-02
2.966686202782805454e-02
2.071963500721835799e-02
2.071963500721835799e-02
2.438423052539079317e-02
2.381019703729136960e-02
2.725518433376378225e-02
2.107852762695559129e-02
3.426086765116204136e-02
2.080059405657999280e-02
2.859492323000369790e-02
2.874095774868452163e-02
2.550546927611200415e-02
2.429807666821226508e-02
2.935726335634057660e-02
2.783924651018726548e-02
2.611280533926273184e-02
2.346729579075258407e-02
2.883714029418710939e-02
2.496198680829603972e-02
3.595608794810007530e-02
2.607945082232882017e-02
3.008069664492443729e-02
3.114494940862246736e-02
2.801752446010066094e-02
3.037740846982159293e-02
2.781699518070608612e-02
2.519587060462452621e-02
2.234086223221447981e-02
2.393873681182962995e-02
2.547900498746411696e-02
2.853145892478462647e-02
2.192702761511809706e-02
3.362186648689943769e-02
3.041348248901599993e-02
2.617113068793831474e-02
2.761452419014642085e-02
2.234086223221447981e-02
2.604779172586404665e-02
2.547380417500012817e-02
2.704573745174649116e-02
2.761452419014642085e-02
2.817211906840198787e-02
2.289326230265316051e-02
2.569897072216634909e-02
2.894342873924419385e-02
2.432298564403343605e-02
2.608842036683414745e-02
2.234086223221447981e-02
2.447591039100028426e-02
2.697552302588381024e-02
2.511491155526289140e-02
2.640668434560127648e-02
