1.847879404115615465e-02
2.939718121833126419e-02
1.765861299789524622e-02
3.205600537021992963e-02
2.796725226930635647e-02
2.379463875034975098e-02
2.624030069976430318e-02
1.969084575583712055e-02
2.386760776977252252e-02
2.126650749335674481e-02
2.438603820574005571e-02
2.675360869483682513e-02
2.145824079644822330e-02
2.317768883899931631e-02
1.660766362038633079e-02
2.769695682943076193e-02
1.873786559339650493e-02
2.313287212980835034e-02
2.534736424983326589e-02
2.211072812266470788e-02
2.015712568174916897e-02
2.258241738509022753e-02
1.766282819238253546e-02
2.423891189040082786e-02
2.432496507869897143e-02
2.198090452901719713e-02
1.969084575583712055e-02
2.639506481638497284e-02
2.386572543360680060e-02
1.695059108496597272e-02
2.609085278065660304e-02
1.656152819621585850e-02
2.163809571081434097e-02
2.751835273243201374e-02
2.212363526802050423e-02
2.318749179088522294e-02
2.233409405977187026e-02
2.284091665371779448e-02
2.294052861231481860e-02
2.504876790456698338e-02
2.308832030693068471e-02
2.146718056644450132e-02
2.224630098896288044e-02
2.324311543745475467e-02
2.100362338705920665e-02
2.696410352563231513e-02
1.730783130688571050e-02
2.025612750491857794e-02
1.818095264085977519e-02
2.205460301193232567e-02
2.053080097173438576e-02
2.291534244864816203e-02
2.209883831035312080e-02
2.016927578849801034e-02
2.330880275413226357e-02
2.328469783825744960e-02
2.421593340409510312e-02
1.902196760896769298e-02
2.261280440517473428e-02
2.424962204654339260e-02
2.583128967579709223e-02
2.594339010204684340e-02
2.514344484555175799e-02
2.988501688762118871e-02
1.859837439607460105e-02
1.529362723006216437e-02
2.353847747433276613e-02
1.936240107911638142e-02
2.950249338634092916e-02
2.456929981636832294e-02
2.332720144083518660e-02
2.615722881625068622e-02
2.668490829171821579e-02
2.223643711801244136e-02
1.782741414300809124e-02
2.272840041115782583e-02
2.551264795096225974e-02
1.902051054150016851e-02
2.057444125186729325e-02
2.247700259140971574e-02
1.981939725533587299e-02
1.760186058857511962e-02
1.909100667062198567e-02
2.828838753735187297e-02
2.066060300022003193e-02
1.949586747569134054e-02
2.669781543707401561e-02
2.356822083473404661e-02
2.295656791281268719e-02
2.071341242005043243e-02
2.643112865564289926e-02
1.907328669450317898e-02
2.166850940978249512e-02
2.219336174618029636e-02
2.275806016226796305e-02
2.375237622470980497e-02
2.121152770491108869e-02
2.145378055446128807e-02
2.322810922448642623e-02
2.281656241826817560e-02
2.041274197425627795e-02
2.025612750491857794e-02
1.732206065604678311e-02
2.575252971320254880e-02
2.183125713486028241e-02
2.126312887331534285e-02
2.042583180787882133e-02
1.814000463471380359e-02
2.684375146402359982e-02
2.296407098469550531e-02
2.451290868454072958e-02
1.844610405186290769e-02
2.147169308041725275e-02
1.765400680581856105e-02
2.356005094909150582e-02
1.730783130688571050e-02
2.401473408511175384e-02
2.166967035400563582e-02
2.419942026750692213e-02
2.478247981600868385e-02
1.805002076315117068e-02
1.822133122828594257e-02
2.126650749335674481e-02
2.202661048538824551e-02
2.095774806883577215e-02
2.150737998407625806e-02
1.913762825553941976e-02
2.400615586078512151e-02
2.282380295451988741e-02
2.658809860249018719e-02
2.029179879899635150e-02
1.959148420931762502e-02
1.735701838549583848e-02
2.156302880520577156e-02
2.694056115325162842e-02
2.577840949739300391e-02
1.749402704726969043e-02
2.658929155809193132e-02
2.527218871075670448e-02
2.568961046597152686e-02
1.970728237159186103e-02
2.315102103964400068e-02
1.911215101880933687e-02
2.433024761518934667e-02
3.154657287261120047e-02
1.777269573905623790e-02
2.391643185120690199e-02
1.643120645393486567e-02
2.527218871075670448e-02
1.974669500730984878e-02
1.808846806237555949e-02
2.130710712979169696e-02
2.191242517490737257e-02
2.540412407198017197e-02
2.461717571878017582e-02
2.469817553542676819e-02
2.369127561203080226e-02
2.516366483177461671e-02
1.881931450859070445e-02
1.852019162119686660e-02
2.269778289613720579e-02
2.395869060995396010e-02
2.238939681445125188e-02
1.873257367723147118e-02
1.782741414300809124e-02
2.103541496776041575e-02
2.209883831035312080e-02
1.732206065604678311e-02
1.856906444828365990e-02
2.415001978615784195e-02
2.026243784975883047e-02
2.192533232026317239e-02
2.739420620874172263e-02
2.552596834683202101e-02
2.054557843507166803e-02
2.008520045538293719e-02
2.424962204654339260e-02
2.091219214107788854e-02
2.222701244568590223e-02
2.201511138903841994e-02
2.268487575078140597e-02
2.177256137092407201e-02
1.907328669450317898e-02
2.411526560391169527e-02
1.912339890637834716e-02
2.214752820842307013e-02
2.393952495536235195e-02
2.337085751288544427e-02
1.907328669450317898e-02
2.475905454415212176e-02
2.296407098469550531e-02
2.657477820662042939e-02
2.758715776527559393e-02
1.776571920930097165e-02
2.457823958636460096e-02
1.834975378597262369e-02
1.744852252551857413e-02
1.943559020956057981e-02
2.358840040951186434e-02
2.607753238478684177e-02
2.181680844128108809e-02
1.956561761926055645e-02
1.879188378322814781e-02
2.465944258555509763e-02
1.861490519697575272e-02
2.512817541999128740e-02
2.792350415645484391e-02
2.880066948589162651e-02
2.507246096083960013e-02
2.262058641437571238e-02
2.113083417526525482e-02
2.026564956073125673e-02
2.643112865564289926e-02
2.648268380880967540e-02
2.685696923422250734e-02
1.861441369657246964e-02
2.051042982093408476e-02
3.071600510695695480e-02
1.881812173711992775e-02
2.442017630095127956e-02
2.252022416213367642e-02
2.619904296358025603e-02
2.430794414648900642e-02
2.790192136748248508e-02
2.333274754797845171e-02
2.316893596906627328e-02
1.804407930145733238e-02
1.744852252551857413e-02
2.614128518030965631e-02
1.936240107911638142e-02
2.181680844128108809e-02
2.154872717874570937e-02
1.686561259400350121e-02
1.844610405186290769e-02
2.445715614152790818e-02
1.985441135414318936e-02
2.360443971000973293e-02
2.711523719228884147e-02
1.705877401804944266e-02
2.639506481638497284e-02
2.361007257207338797e-02
1.952512453752619850e-02
2.323783290876655500e-02
1.805002076315117068e-02
1.951191368095225170e-02
2.095062362590278254e-02
2.096671216117549849e-02
2.248447525855611084e-02
1.905712390985796201e-02
2.232863774901491100e-02
2.183125713486028241e-02
2.831096059114360589e-02
2.337085751288544427e-02
2.696410352563231513e-02
1.934467025690427347e-02
2.141176325044997358e-02
2.400050718432197513e-02
1.991549615242269380e-02
2.064370349128634430e-02
2.315102103964400068e-02
2.332709887151530534e-02
2.675360869483682513e-02
3.080308434178787025e-02
1.519073621314372818e-02
1.845264480289105641e-02
2.359731232989693145e-02
1.899693703690655613e-02
2.262260363553653814e-02
2.220554256027311435e-02
2.361990755188152907e-02
2.060190723628381806e-02
2.441132132415440442e-02
2.768404968407495864e-02
2.411434604370877449e-02
2.732699242401520276e-02
2.257601475268438546e-02
2.545381309539809789e-02
1.986004421620684093e-02
2.416219676372151348e-02
2.031878839033388062e-02
2.643112865564289926e-02
2.040564010675444476e-02
2.722540506362887414e-02
2.443060986743138263e-02
1.851321509144160035e-02
2.429748001639631116e-02
2.534736424983326589e-02
2.246882919827045827e-02
2.007456221271912422e-02
2.116023785639690666e-02
2.432198377391444483e-02
2.038333829312462611e-02
2.766785129492143128e-02
2.356445561566567620e-02
2.504876790456698338e-02
2.102791189587759763e-02
2.040543804283678070e-02
2.389944250387584027e-02
2.060050784691603437e-02
2.389624015008252542e-02
2.068031357357025604e-02
2.405229128495559379e-02
2.240906930394033839e-02
2.168392924857156720e-02
1.888750051685443229e-02
2.476915942013892605e-02
2.741407165884611474e-02
2.118388430310916976e-02
1.946529209603481761e-02
2.476668832061604611e-02
2.268487575078140597e-02
1.987092449073137035e-02
2.389624015008252542e-02
1.834710222869349872e-02
2.430794414648900642e-02
2.880066948589162651e-02
1.959163111249697178e-02
1.945350273551654449e-02
2.378560450352448091e-02
2.639506481638497284e-02
2.389944250387584027e-02
2.053225803920191023e-02
1.906415082163307601e-02
2.129307431721229674e-02
2.277009901621158267e-02
2.578294339083785428e-02
2.186598273341466142e-02
2.284643782771490078e-02
1.841759835781531587e-02
1.937717854245366370e-02
2.328469783825744960e-02
2.145378055446128807e-02
2.285382379907359429e-02
2.009810760073874047e-02
2.506947965605507353e-02
2.187823456110754572e-02
2.356445561566567620e-02
1.879573771792320686e-02
2.750007853044468542e-02
2.026564956073125673e-02
2.912820796092809722e-02
2.231931659643458798e-02
2.467395593702659609e-02
1.924208783961602401e-02
2.007456221271912422e-02
1.853537580583537042e-02
2.390188882654567526e-02
2.269778289613720579e-02
1.936240107911638142e-02
1.808846806237555949e-02
2.231931659643458798e-02
1.797281680328066678e-02
1.998376915797228301e-02
2.296947505816848700e-02
2.624030069976430318e-02
2.117242453217205167e-02
1.806843353690695125e-02
1.969437522623606121e-02
1.766979387604450044e-02
2.432496507869897143e-02
2.157289267615621065e-02
2.393952495536235195e-02
2.051563299117471414e-02
2.304616979633058657e-02
2.214568585211375978e-02
2.713855334720831000e-02
1.969392568263904353e-02
1.708532622346455726e-02
1.656152819621585850e-02
2.125360034800094153e-02
1.605692102852203373e-02
1.783468842630024295e-02
2.386307387632767563e-02
1.730783130688571050e-02
2.540880735201884663e-02
2.429503700113321008e-02
2.604046509592746611e-02
2.125472334928140208e-02
1.673032934132870353e-02
2.548355645579937837e-02
1.781726380449444314e-02
2.167578369307464337e-02
2.442736062465227301e-02
2.244400326006188925e-02
2.369692428849395210e-02
1.781726380449444314e-02
1.925071667298187267e-02
2.432446960773384029e-02
2.177593999096547397e-02
2.401473408511175384e-02
1.999667630332808282e-02
1.993808618857354983e-02
2.559083043559153697e-02
2.216807803644078520e-02
2.105352403029805280e-02
2.342836428160473619e-02
2.262058641437571238e-02
1.626240530882202065e-02
1.781677590034427827e-02
1.995413239383446100e-02
3.154657287261120047e-02
2.233409405977187026e-02
2.796725226930635647e-02
2.451290868454072958e-02
2.142482815092635468e-02
2.234082442479005601e-02
2.379413033586617876e-02
2.366783279333107073e-02
2.187823456110754572e-02
2.758417646049107080e-02
2.622626367127213129e-02
2.705683143692637696e-02
1.871653437673360260e-02
2.268487575078140597e-02
2.136723959184137073e-02
2.353965865799828583e-02
1.867185182998094481e-02
2.573919527798634171e-02
2.468301348618568564e-02
2.192533232026317239e-02
2.622626367127213129e-02
2.833064629609893109e-02
2.115313598889507346e-02
2.263536387771299466e-02
1.991549615242269380e-02
1.880849796009966338e-02
2.092502087895916144e-02
2.030602814815742410e-02
2.503492096656967369e-02
2.758843295044867416e-02
2.800618840172193133e-02
2.568707377260448510e-02
2.074797052552579402e-02
2.437093300979043323e-02
2.686145755621352493e-02
2.494358524178115488e-02
2.333274754797845171e-02
2.545555443275691887e-02
1.869996175646092620e-02
1.615981204544046992e-02
2.274529992009150653e-02
2.082940414533287349e-02
2.049772046521874946e-02
2.145824079644822330e-02
1.649913974140424650e-02
2.343146847507463285e-02
1.899120784354941041e-02
1.957984696842162906e-02
1.859837439607460105e-02
1.843973765753525659e-02
2.758715776527559393e-02
1.889534967652022751e-02
2.281934704952751428e-02
1.879197249885483298e-02
2.452131420857467381e-02
1.993808618857354983e-02
1.894334987369649184e-02
1.941188404163079334e-02
1.946403025887423130e-02
2.070670786077790509e-02
2.244038922305192224e-02
1.909100667062198567e-02
1.895374139253624621e-02
2.125472334928140208e-02
2.264158854203527152e-02
2.503372801096792957e-02
2.638230457420851632e-02
2.213767489544594264e-02
2.722540506362887414e-02
2.068558207071417854e-02
1.879573771792320686e-02
1.725412736857740575e-02
1.876441779881162300e-02
1.868899276630971162e-02
2.044187110837668991e-02
2.026564956073125673e-02
2.406633091238103220e-02
1.961480469787068442e-02
1.898743003498453222e-02
2.375720155462471284e-02
2.658350389319186907e-02
1.899120784354941041e-02
1.964769318414043980e-02
1.822133122828594257e-02
2.145378055446128807e-02
1.868344861987274869e-02
2.244038922305192224e-02
2.611348070339917365e-02
2.185780934027540048e-02
2.402406838674108619e-02
2.570946595693151052e-02
2.597875960424703840e-02
2.009810760073874047e-02
2.451290868454072958e-02
1.861441369657246964e-02
2.114341230461494817e-02
2.052741916826514995e-02
2.316893596906627328e-02
2.540973293411005751e-02
2.350613351572005544e-02
1.885254278740537692e-02
2.385281828825099731e-02
1.615981204544046992e-02
1.959923232870008913e-02
2.567126199051696089e-02
1.943033436658575877e-02
2.120421611287326077e-02
2.634650564219001567e-02
2.621281563746163945e-02
2.525928156540090119e-02
2.283266744539727208e-02
2.406633091238103220e-02
2.147169308041725275e-02
2.745781977169762730e-02
2.518658117535375190e-02
2.042167940725231334e-02
2.374672754824665860e-02
2.415187897226948877e-02
2.246656273260014616e-02
2.271656691767041242e-02
2.352515707846300833e-02
2.509358461375794935e-02
2.741407165884611474e-02
1.912339890637834716e-02
1.885254278740537692e-02
2.129930630437199338e-02
1.836063406049715310e-02
2.210294929689156362e-02
2.856661345267701851e-02
2.069684398982746601e-02
2.194503117102175604e-02
2.416219676372151348e-02
2.177554267570859861e-02
2.578162120836543364e-02
1.743305944346227460e-02
1.823640457707563153e-02
2.043873895323462114e-02
2.043180243463886200e-02
2.395570930516943003e-02
2.090401142846218252e-02
1.868899276630971162e-02
2.696410352563231513e-02
2.828838753735187297e-02
2.460054038785284419e-02
2.525928156540090119e-02
2.369692428849395210e-02
2.032110149694710960e-02
2.222136376922275239e-02
2.335066007393441639e-02
1.814590619578403466e-02
2.249021675408775789e-02
1.920837739734081867e-02
2.281467464846475418e-02
2.766786533426788056e-02
2.758715776527559393e-02
3.131251683939659941e-02
2.110521074744553180e-02
2.229867391418995787e-02
2.147169308041725275e-02
2.061842037287199905e-02
1.668575767963738007e-02
2.392871429690822047e-02
2.675360869483682513e-02
2.568961046597152686e-02
2.140125725029576667e-02
1.791239263397056275e-02
1.760186058857511962e-02
2.172307420177681594e-02
2.790192136748248508e-02
2.167578369307464337e-02
2.438603820574005571e-02
2.392117736982265347e-02
2.586601527435147124e-02
2.359878389896317638e-02
2.455125965247162770e-02
2.442017630095127956e-02
2.684375146402359982e-02
2.177554267570859861e-02
2.502522553218629667e-02
2.432198377391444483e-02
1.907328669450317898e-02
2.244613659279971751e-02
2.568961046597152686e-02
2.578294339083785428e-02
1.869996175646092620e-02
2.660133041203554399e-02
1.932755423472865691e-02
2.396861645052523332e-02
1.750693419262549025e-02
1.859837439607460105e-02
2.250428052619264652e-02
3.105686397786318678e-02
2.047061409878297988e-02
2.278227976066813515e-02
1.864622511608733657e-02
2.428725817536006581e-02
2.792350415645484391e-02
2.466063554115684175e-02
2.556086660076658384e-02
2.430794414648900642e-02
2.449422343038728730e-02
2.015712568174916897e-02
2.583128967579709223e-02
1.834412092390897212e-02
1.922682821281820886e-02
1.810504690526474822e-02
1.539622049344371510e-02
2.210294929689156362e-02
1.809315709295316113e-02
1.900534256094049690e-02
1.730783130688571050e-02
1.755141354243701032e-02
2.072439373485829642e-02
2.415187897226948877e-02
2.146718056644450132e-02
1.923973535817400868e-02
1.739841031364340596e-02
1.890245154402206071e-02
1.625542877906675440e-02
1.873786559339650493e-02
2.284643782771490078e-02
2.476957267065288404e-02
2.052781966694985916e-02
2.443060986743138263e-02
2.057444125186729325e-02
2.051042982093408476e-02
2.220713442006168326e-02
1.615981204544046992e-02
2.395570930516943003e-02
2.283807024662364016e-02
2.367493466083290393e-02
2.233409405977187026e-02
2.392871429690822047e-02
1.987092449073137035e-02
1.886544993276117674e-02
2.456929981636832294e-02
2.197872706331022857e-02
1.879573771792320686e-02
2.624594937622744956e-02
1.996293523312527365e-02
2.433024761518934667e-02
2.424962204654339260e-02
2.156083405982977402e-02
1.968430655249823330e-02
2.496658863913663734e-02
2.249870460771718345e-02
2.385304450571221549e-02
2.296947505816848700e-02
2.016927578849801034e-02
2.411526560391169527e-02
1.980461979199859071e-02
2.248501354807753982e-02
1.615981204544046992e-02
2.411715337371511669e-02
2.841135386509121424e-02
2.492785568926496678e-02
1.588811988340918871e-02
2.332991326723085623e-02
2.941541415151001371e-02
1.671104079805172532e-02
2.288517077758657134e-02
2.396861645052523332e-02
2.100362338705920665e-02
2.307896791190313518e-02
2.441132132415440442e-02
2.067733226878572597e-02
2.694056115325162842e-02
2.061149450138021963e-02
2.181102077638102585e-02
2.183125713486028241e-02
2.355154847030987292e-02
1.863969681498681835e-02
2.361990755188152907e-02
2.071968468430387261e-02
2.108535876440136708e-02
2.353965865799828583e-02
2.828838753735187297e-02
1.834710222869349872e-02
1.803711361779536740e-02
2.150737998407625806e-02
2.385281828825099731e-02
2.294903109109645151e-02
1.980461979199859071e-02
2.051552935595356286e-02
2.277009901621158267e-02
1.922628992329678335e-02
2.832766499131440102e-02
2.068558207071417854e-02
2.594339010204684340e-02
1.948536147553713363e-02
1.806843353690695125e-02
2.204279483519532706e-02
2.247723472230439556e-02
2.395869060995396010e-02
1.888750051685443229e-02
2.143309198439908442e-02
1.670102664337794543e-02
2.062738446521172539e-02
2.038035698834009951e-02
2.214568585211375978e-02
1.605692102852203373e-02
2.281934704952751428e-02
2.249870460771718345e-02
2.509358461375794935e-02
2.017363881833734995e-02
2.449775300615555929e-02
1.539622049344371510e-02
2.234082442479005601e-02
2.069752396991010254e-02
2.198410688281050851e-02
1.849302339031722378e-02
2.352515707846300833e-02
2.875908708508893158e-02
2.187911510471320098e-02
2.183139192718132685e-02
2.234919200588131316e-02
1.857033353528442926e-02
2.941541415151001371e-02
1.925071667298187267e-02
2.771534147678723914e-02
1.843973765753525659e-02
2.364553097970124862e-02
1.717820308570921356e-02
2.350613351572005544e-02
2.758715776527559393e-02
1.834351078848135697e-02
2.021025218669514345e-02
2.467395593702659609e-02
2.223468416509251366e-02
2.346406279981104112e-02
2.637305191628654122e-02
2.103929468113698020e-02
1.656152819621585850e-02
1.934467025690427347e-02
1.975621706312252757e-02
2.294052861231481860e-02
1.791239263397056275e-02
2.225041922534150979e-02
2.503372801096792957e-02
1.880849796009966338e-02
1.767573533773833874e-02
2.322449847355034444e-02
1.885254278740537692e-02
2.085616070844944700e-02
2.415566846262099179e-02
2.176415584689013125e-02
1.760186058857511962e-02
2.200005827997313090e-02
1.843973765753525659e-02
2.030602814815742410e-02
2.243109611470608944e-02
2.032621984928179720e-02
2.541538161057320389e-02
2.127162285821508625e-02
2.285382379907359429e-02
2.008520045538293719e-02
1.668575767963738007e-02
2.356005094909150582e-02
2.386009257154314556e-02
1.807242876187769090e-02
1.957872396714116850e-02
2.308832030693068471e-02
1.916890342812946346e-02
2.646659527353695598e-02
1.823640457707563153e-02
2.035771486530490310e-02
2.156083405982977402e-02
1.600724035143876942e-02
2.251196032085877458e-02
1.824122990699053593e-02
1.977992328612452125e-02
2.086714736291363226e-02
2.398325902886741523e-02
2.054557843507166803e-02
2.106628427247450933e-02
2.066299203456332251e-02
1.600724035143876942e-02
2.411715337371511669e-02
1.861490519697575272e-02
2.319363247494034622e-02
2.068307131594607912e-02
2.278227976066813515e-02
2.359878389896317638e-02
1.641406551760609886e-02
2.353965865799828583e-02
1.993808618857354983e-02
2.004661006755563760e-02
1.635802204244830513e-02
2.148352391486256854e-02
2.385869318217536186e-02
2.197872706331022857e-02
1.810504690526474822e-02
1.809315709295316113e-02
2.741407165884611474e-02
1.920837739734081867e-02
2.083053399455583876e-02
2.395570930516943003e-02
2.368401714313814882e-02
2.263536387771299466e-02
2.318576552367867388e-02
1.756299626426896174e-02
2.440567264769125458e-02
1.539622049344371510e-02
2.577840949739300391e-02
2.537007440214717607e-02
2.262260363553653814e-02
2.168139255520452890e-02
1.800943017163846027e-02
2.143309198439908442e-02
2.149405958820650026e-02
2.369127561203080226e-02
2.841135386509121424e-02
2.154872717874570937e-02
2.100166989062455733e-02
2.389944250387584027e-02
2.654003372258575619e-02
2.406342398318170317e-02
2.050722746714077338e-02
2.696975220209546151e-02
2.035188723681405701e-02
2.931010198350035567e-02
2.325945620299940328e-02
2.614335611284589883e-02
2.212363526802050423e-02
1.910120407114600238e-02
1.852612223679740017e-02
2.224155547034712896e-02
2.568707377260448510e-02
1.862968266031303499e-02
2.349141600826019916e-02
2.688477371113299347e-02
2.294085762832092507e-02
1.732206065604678311e-02
2.413038534420664308e-02
2.099143671128406163e-02
1.868283848444513007e-02
2.395869060995396010e-02
2.403938413959979745e-02
2.429023948014459588e-02
2.096671216117549849e-02
2.622704498662271205e-02
2.181680844128108809e-02
2.071341242005043243e-02
2.164643482575547007e-02
2.244227699285534366e-02
2.415001978615784195e-02
1.849018421315094807e-02
2.175443216261000595e-02
2.259989725981893446e-02
2.257888780932195555e-02
2.466063554115684175e-02
2.232599742042672142e-02
2.577415300743540055e-02
2.323576314672678653e-02
1.943033436658575877e-02
2.411434604370877449e-02
1.883235108628100035e-02
2.502522553218629667e-02
2.295656791281268719e-02
2.295656791281268719e-02
2.163809571081434097e-02
2.307613363115553970e-02
2.110874032321380725e-02
2.104975881122967893e-02
2.102791189587759763e-02
2.476915942013892605e-02
2.649601824402588596e-02
1.792569896784984226e-02
2.071043111526590236e-02
2.124521634735937817e-02
2.333323545212861658e-02
2.443877149417143096e-02
1.839013237339879106e-02
2.335629293599807144e-02
2.559083043559153697e-02
2.476668832061604611e-02
1.863969681498681835e-02
1.807181862645007575e-02
2.106628427247450933e-02
1.911215101880933687e-02
2.332131120661524309e-02
2.478247981600868385e-02
2.386572543360680060e-02
2.527218871075670448e-02
1.809315709295316113e-02
2.240906930394033839e-02
2.145824079644822330e-02
2.437093300979043323e-02
1.826502666381361537e-02
2.226778301157269005e-02
2.479778749402379232e-02
2.089877887370612114e-02
2.383663393844391576e-02
2.145378055446128807e-02
2.593006970617708212e-02
2.077972346824961264e-02
2.364254967491672549e-02
1.909100667062198567e-02
1.895459776126550214e-02
2.680305180085106043e-02
2.507246096083960013e-02
2.027746597142166332e-02
2.237434370538596284e-02
1.911215101880933687e-02
2.320840993827762849e-02
2.051563299117471414e-02
2.016927578849801034e-02
2.312011188763189382e-02
2.289536817811058805e-02
2.795636087068609915e-02
2.658929155809193132e-02
2.661351115649209995e-02
1.707531206879077737e-02
2.098004659639170905e-02
2.275806016226796305e-02
2.108535876440136708e-02
2.030226292908905023e-02
2.758715776527559393e-02
2.472536590170383228e-02
1.816804549550397538e-02
1.733046618008072387e-02
2.259840693701141087e-02
2.665071767791838547e-02
2.275806016226796305e-02
2.203056868404021720e-02
2.348878845091484369e-02
2.662683155236185775e-02
2.506947965605507353e-02
2.259989725981893446e-02
2.190547949651528575e-02
2.283266744539727208e-02
3.096978474303227133e-02
1.987092449073137035e-02
2.502234118214945874e-02
1.748091741331519317e-02
2.296407098469550531e-02
2.941541415151001371e-02
2.398187737088049859e-02
2.558418275568605238e-02
2.466131146987821793e-02
2.225340053012603292e-02
2.353435949199307251e-02
2.383663393844391576e-02
1.765861299789524622e-02
1.936441830027720717e-02
1.732206065604678311e-02
1.824152292941031914e-02
1.890966123124820236e-02
2.499146925222087146e-02
2.622704498662271205e-02
2.298746257592134204e-02
1.995300939255400044e-02
2.514344484555175799e-02
2.272221559413355879e-02
2.731248429845978959e-02
2.102506548878344331e-02
2.320840993827762849e-02
2.358840040951186434e-02
2.274354681079646459e-02
2.758715776527559393e-02
2.220713442006168326e-02
2.429023948014459588e-02
2.391643185120690199e-02
2.125360034800094153e-02
2.094123493224759117e-02
2.854216717342718951e-02
2.125360034800094153e-02
2.511442154061376344e-02
1.970728237159186103e-02
2.035188723681405701e-02
2.033750475536739988e-02
1.999708955384204428e-02
1.695715208813177582e-02
2.136880206349881656e-02
2.156302880520577156e-02
2.268520476678751244e-02
2.528291293774492798e-02
2.299390775616484001e-02
2.129930630437199338e-02
1.894334987369649184e-02
2.102791189587759763e-02
2.401556601332878460e-02
2.325945620299940328e-02
1.879573771792320686e-02
1.856906444828365990e-02
2.328400579646487320e-02
2.257474566568361957e-02
2.117242453217205167e-02
2.133401131302670173e-02
2.722540506362887414e-02
2.164590828362791819e-02
2.322810922448642623e-02
2.641475052134029805e-02
2.343562275049738963e-02
2.353847747433276613e-02
2.792350415645484391e-02
2.345778723076081748e-02
2.060488854106834467e-02
2.766785129492143128e-02
1.747793610853066656e-02
