3.005753374659147700e-02
2.935615424722275504e-02
2.643299083410880282e-02
2.414932849475188645e-02
2.695930308059180797e-02
3.030542273654183646e-02
2.778564050634233645e-02
2.803803209157757284e-02
2.876301323817692310e-02
2.359108785481882006e-02
2.703083048035638536e-02
2.896665846609316336e-02
2.657263400607841330e-02
2.713458770422015956e-02
2.784475767410994965e-02
2.485842243634422966e-02
2.538268124603318757e-02
2.876301323817692310e-02
2.640819749132514507e-02
2.961790893216866352e-02
2.357710203999750440e-02
2.629416751084873508e-02
2.575893541274425907e-02
2.313646010796300764e-02
2.563252202336386773e-02
2.715439729685679635e-02
2.334676759229062024e-02
2.500723266610763509e-02
2.652046890428158901e-02
3.029196435353320727e-02
2.778564050634233645e-02
2.359108785481882006e-02
2.711035119877600041e-02
2.764783400257666418e-02
2.541750338785166152e-02
2.585352557881423832e-02
2.302289010964150145e-02
2.640819749132514507e-02
2.587569986212963358e-02
2.808587024425236375e-02
2.379342096923897643e-02
2.425042935039067177e-02
2.418718778566204472e-02
2.482338391611643019e-02
2.717028782020197361e-02
2.809932862726099642e-02
2.499296503923349733e-02
2.634742216907402443e-02
2.635410413227470827e-02
2.692406284914991219e-02
2.272266632816066778e-02
2.807509212181683381e-02
2.533034645450271335e-02
2.378637538855915209e-02
2.627402716463941856e-02
2.721733559857258261e-02
2.896665846609316336e-02
2.554763695174440408e-02
2.479210182999244325e-02
2.336075340711193590e-02
2.843545942226271758e-02
2.364342264634929427e-02
2.369113202047391439e-02
2.385373013067690340e-02
2.748146923056978344e-02
2.357710203999750440e-02
2.914029530013618335e-02
2.623515075611757702e-02
2.395274016056603283e-02
2.638396098588098246e-02
2.481049668381028403e-02
2.469415032404832788e-02
2.655023716569539574e-02
2.360133854544166701e-02
2.748146923056978344e-02
2.543360697126799408e-02
2.374346681200438514e-02
2.396776011115331340e-02
2.776140400089817384e-02
2.615362653817409830e-02
2.433390535571447119e-02
2.272266632816066778e-02
2.499964700243418117e-02
2.805323570316926515e-02
2.784475767410994965e-02
2.544173989329582414e-02
2.984722626226386441e-02
2.843545942226271758e-02
2.764783400257666418e-02
2.938039075266691766e-02
2.635575794138015834e-02
2.529906436837872641e-02
2.915971245789069147e-02
2.391749992912413358e-02
2.364342264634929427e-02
2.357710203999750440e-02
2.511367698291059117e-02
2.410830108382795017e-02
3.005753374659147700e-02
2.580119078728376758e-02
2.660686732970147725e-02
2.565889124708916474e-02
2.718963752829869213e-02
2.738757831744366086e-02
2.668756178725984959e-02
2.649623239883742987e-02
2.360133854544166701e-02
2.811955630952105503e-02
2.820512497455583342e-02
2.705801640724552620e-02
2.657263400607841330e-02
2.302289010964150145e-02
2.845969592770688020e-02
2.587569986212963358e-02
2.427466585583483091e-02
2.533034645450271335e-02
2.615362653817409830e-02
2.699087909772989249e-02
2.767941001971475218e-02
2.718963752829869213e-02
2.896665846609316336e-02
2.704082729853528669e-02
2.667579268815207377e-02
2.588922569479605237e-02
2.482338391611643019e-02
2.529906436837872641e-02
2.809932862726099642e-02
2.601350636589530585e-02
2.738757831744366086e-02
2.389326342367997444e-02
2.481049668381028403e-02
2.438670012939984227e-02
2.768559634068724212e-02
2.719309909312842000e-02
2.689449225168942872e-02
2.404928432909679212e-02
2.718963752829869213e-02
2.748493079539951131e-02
2.316069661340717026e-02
2.381765747468313904e-02
2.570933509012275284e-02
2.644746633472911529e-02
2.658263082425731463e-02
2.448243377342505453e-02
2.894242196064900421e-02
2.529157188067249207e-02
2.692406284914991219e-02
2.570552459291634145e-02
2.628110156272223455e-02
2.499296503923349733e-02
2.295300077586755194e-02
2.719452432564613276e-02
2.450667027886921367e-02
2.362989681368287895e-02
2.378637538855915209e-02
2.362989681368287895e-02
2.619041028698496087e-02
2.748146923056978344e-02
2.477689821840075093e-02
2.776140400089817384e-02
2.820512497455583342e-02
2.559997174327487482e-02
2.543360697126799408e-02
2.940061843492697627e-02
2.810200176727757973e-02
2.832188942394120793e-02
2.377969342535846478e-02
2.506075555076438602e-02
3.045423296630524190e-02
2.460255907648641396e-02
2.497541049699002202e-02
3.029196435353320727e-02
2.649623239883742987e-02
2.460255907648641396e-02
2.985800438469939436e-02
2.568128808747217884e-02
3.005753374659147700e-02
2.377969342535846478e-02
2.659687051152257245e-02
2.620596132970456904e-02
2.984722626226386441e-02
2.821960047517614589e-02
2.430443411724864111e-02
2.317170033940490689e-02
2.609155880921620527e-02
2.403172978685331682e-02
2.899334768588381073e-02
2.420166328628235719e-02
2.359108785481882006e-02
2.584006719580560565e-02
2.448992626113128887e-02
2.649623239883742987e-02
2.403529851427547645e-02
2.764783400257666418e-02
2.558549624265456235e-02
2.784577479172163292e-02
2.719309909312842000e-02
2.811955630952105503e-02
2.408406457838379103e-02
2.336075340711193590e-02
2.380139533914643266e-02
2.768559634068724212e-02
2.718963752829869213e-02
2.855270575384931397e-02
2.369816920741498606e-02
2.575893541274425907e-02
2.738757831744366086e-02
2.460255907648641396e-02
2.609155880921620527e-02
2.461053344639387019e-02
2.395274016056603283e-02
2.721387403374285474e-02
2.405596629229747943e-02
2.425161744351694848e-02
2.425161744351694848e-02
2.360133854544166701e-02
2.609953317912366150e-02
2.872656301356243252e-02
2.587569986212963358e-02
2.369816920741498606e-02
2.570552459291634145e-02
2.586122436150932111e-02
2.853997055929549317e-02
2.297055531811102724e-02
2.805323570316926515e-02
2.940061843492697627e-02
2.341308819864240665e-02
2.377969342535846478e-02
2.718963752829869213e-02
2.492448477175521551e-02
2.784577479172163292e-02
2.508944047746643202e-02
2.632986762683054913e-02
2.845176437815132714e-02
2.380139533914643266e-02
2.584006719580560565e-02
2.492448477175521551e-02
2.455900507039968442e-02
2.703083048035638536e-02
2.332149695108049273e-02
2.486510439954491697e-02
2.667579268815207377e-02
2.313646010796300764e-02
2.702327275629181139e-02
2.379342096923897643e-02
2.611579531466036788e-02
2.351313236429750098e-02
2.329443280076014949e-02
2.300533556739802615e-02
2.354900375391119280e-02
2.517432554908589568e-02
2.820512497455583342e-02
2.233435918765664177e-02
2.277500111969113852e-02
2.721733559857258261e-02
2.705097082656570187e-02
2.491144082129001860e-02
2.634229955837152568e-02
2.435145989795794649e-02
2.538127217973752334e-02
2.652046890428158901e-02
2.627402716463941856e-02
2.516601177444106191e-02
2.410161912062726633e-02
2.559257064073737833e-02
2.702673432112153926e-02
2.228202439612617103e-02
2.756854767305397247e-02
2.807509212181683381e-02
2.341119725014552400e-02
2.635677505899184161e-02
2.413485299413157398e-02
2.452450663316551108e-02
3.022389851859835774e-02
2.812623827272173888e-02
2.559997174327487482e-02
2.705097082656570187e-02
2.389326342367997444e-02
2.272266632816066778e-02
2.357756202215240474e-02
2.527537512128894340e-02
2.586122436150932111e-02
2.721387403374285474e-02
2.362989681368287895e-02
2.580119078728376758e-02
2.678806410110852118e-02
2.832237130614242634e-02
2.295300077586755194e-02
2.566824413700698193e-02
2.615362653817409830e-02
2.309116250337360857e-02
2.985800438469939436e-02
2.778564050634233645e-02
2.632986762683054913e-02
2.938039075266691766e-02
2.464181553251785714e-02
2.519856205453005482e-02
2.497541049699002202e-02
2.721733559857258261e-02
2.889365589654068964e-02
2.704750926173597400e-02
2.695930308059180797e-02
2.422233106430436017e-02
2.912581979951587088e-02
2.514177526899690276e-02
2.897393052812930261e-02
2.628110156272223455e-02
2.403529851427547645e-02
2.765129556740639205e-02
2.621759621387410172e-02
2.828539960614444640e-02
2.297055531811102724e-02
2.789139101993712636e-02
2.334676759229062024e-02
2.438942394728261728e-02
2.517432554908589568e-02
2.609953317912366150e-02
2.410830108382795017e-02
2.843545942226271758e-02
2.481049668381028403e-02
2.544173989329582414e-02
2.462679558193057658e-02
2.629416751084873508e-02
2.566824413700698193e-02
2.786369294966323587e-02
2.540649966185392836e-02
2.396776011115331340e-02
2.514177526899690276e-02
2.784577479172163292e-02
2.896665846609316336e-02
2.420166328628235719e-02
2.527537512128894340e-02
2.559997174327487482e-02
2.598926986045114323e-02
2.829260304472861962e-02
2.438670012939984227e-02
2.575893541274425907e-02
2.632986762683054913e-02
2.465629103313816961e-02
2.311936554787443268e-02
3.005753374659147700e-02
2.634742216907402443e-02
2.581583069036144651e-02
2.360133854544166701e-02
2.601350636589530585e-02
2.627402716463941856e-02
2.853328859609480586e-02
2.346079757276703023e-02
2.619041028698496087e-02
2.422233106430436017e-02
2.918394896333485061e-02
2.609953317912366150e-02
2.855270575384931397e-02
2.319593684484906604e-02
2.832237130614242634e-02
2.703083048035638536e-02
2.787166731957069210e-02
2.352476724846703365e-02
2.426993568001446777e-02
2.763335850195635171e-02
2.598726176616721756e-02
2.302957207284218530e-02
2.482338391611643019e-02
2.357756202215240474e-02
2.529157188067249207e-02
2.657263400607841330e-02
2.479210182999244325e-02
2.609155880921620527e-02
2.351313236429750098e-02
2.715439729685679635e-02
2.573221381270698882e-02
2.351313236429750098e-02
2.518716894014477736e-02
2.550187936500010119e-02
2.433390535571447119e-02
2.766135983524308298e-02
2.422033535739296153e-02
2.712152175609365903e-02
2.346079757276703023e-02
2.302957207284218530e-02
2.984722626226386441e-02
2.297723728131171456e-02
2.585352557881423832e-02
2.667579268815207377e-02
2.585352557881423832e-02
2.845176437815132714e-02
2.598726176616721756e-02
2.629416751084873508e-02
2.398296372274500571e-02
2.297055531811102724e-02
2.309116250337360857e-02
2.689449225168942872e-02
2.582290508844426249e-02
2.584045963068773780e-02
2.667579268815207377e-02
2.418718778566204472e-02
2.738757831744366086e-02
2.403529851427547645e-02
2.634742216907402443e-02
2.845969592770688020e-02
2.487571870764690093e-02
2.764783400257666418e-02
2.533034645450271335e-02
2.297723728131171456e-02
2.494063024770302658e-02
2.378637538855915209e-02
2.762848429447994567e-02
2.515192870870288158e-02
2.871208751294211659e-02
2.765129556740639205e-02
2.845969592770688020e-02
2.751621288152349826e-02
2.621759621387410172e-02
2.351313236429750098e-02
2.855270575384931397e-02
2.425161744351694848e-02
2.598926986045114323e-02
2.391749992912413358e-02
2.300533556739802615e-02
2.708225291268968882e-02
2.736470478118440894e-02
2.346353204167599821e-02
2.570552459291634145e-02
3.030542273654183646e-02
2.624183271931826433e-02
2.741181482288782001e-02
2.718963752829869213e-02
2.294136589169801926e-02
2.682768195953864204e-02
2.448992626113128887e-02
2.485910602975954439e-02
2.584714159388842511e-02
2.646053228285561582e-02
2.492448477175521551e-02
2.763682006678607958e-02
2.832188942394120793e-02
2.635575794138015834e-02
2.693995337249508598e-02
2.444175873881309149e-02
2.300533556739802615e-02
2.295300077586755194e-02
2.442446246751042022e-02
2.554661983413272081e-02
2.369113202047391439e-02
2.935615424722275504e-02
2.228202439612617103e-02
2.784577479172163292e-02
2.646053228285561582e-02
2.588922569479605237e-02
2.851573405385133056e-02
2.544173989329582414e-02
2.938039075266691766e-02
2.503146917155179771e-02
2.470862582466864382e-02
2.786369294966323587e-02
2.680480811884644252e-02
2.649623239883742987e-02
2.408406457838379103e-02
2.705801640724552620e-02
2.516601177444106191e-02
2.598926986045114323e-02
2.582290508844426249e-02
2.897393052812930261e-02
2.310836182187669605e-02
2.470862582466864382e-02
2.302957207284218530e-02
2.484086789410075435e-02
2.546542914038560715e-02
2.829260304472861962e-02
2.460255907648641396e-02
2.334676759229062024e-02
2.553316145112408814e-02
2.334573345652465534e-02
2.565889124708916474e-02
2.717863380230095896e-02
2.914029530013618335e-02
2.533034645450271335e-02
2.672812747968254798e-02
2.418718778566204472e-02
2.575893541274425907e-02
2.695442887311540192e-02
2.626589795113054224e-02
2.743102538753619535e-02
2.482338391611643019e-02
2.483473318925444664e-02
2.465629103313816961e-02
2.354232179071050896e-02
2.366765915179345342e-02
2.482338391611643019e-02
2.713458770422015956e-02
2.589857858471386956e-02
2.751621288152349826e-02
2.518716894014477736e-02
2.359108785481882006e-02
2.689449225168942872e-02
2.763335850195635171e-02
2.402009490268378414e-02
2.418718778566204472e-02
2.533034645450271335e-02
2.538127217973752334e-02
2.767941001971475218e-02
2.558549624265456235e-02
2.516601177444106191e-02
2.603959655769768830e-02
2.422233106430436017e-02
2.784577479172163292e-02
2.741181482288782001e-02
2.832535098877093580e-02
2.492307570545955128e-02
2.356308652153209227e-02
2.538226315640976574e-02
2.705097082656570187e-02
2.704428886336501456e-02
2.584714159388842511e-02
2.611579531466036788e-02
2.360133854544166701e-02
2.455900507039968442e-02
2.346079757276703023e-02
2.623515075611757702e-02
2.290612566025612348e-02
2.736470478118440894e-02
2.422233106430436017e-02
2.419809455886019756e-02
2.601350636589530585e-02
2.575893541274425907e-02
2.582290508844426249e-02
2.359108785481882006e-02
2.981435072150072710e-02
2.450667027886921367e-02
2.851573405385133056e-02
2.437222462877952980e-02
2.514177526899690276e-02
2.810200176727757973e-02
2.460255907648641396e-02
2.577695428183960497e-02
2.689449225168942872e-02
2.695442887311540192e-02
2.366292897597309028e-02
2.580119078728376758e-02
2.500723266610763509e-02
2.483473318925444664e-02
2.484086789410075435e-02
2.679639987341465510e-02
2.357710203999750440e-02
2.515192870870288158e-02
2.427466585583483091e-02
2.622169237310894782e-02
2.469415032404832788e-02
2.538268124603318757e-02
2.482338391611643019e-02
2.396776011115331340e-02
2.469274125775266365e-02
2.702327275629181139e-02
2.295300077586755194e-02
2.366292897597309028e-02
2.788792945510739849e-02
2.897393052812930261e-02
3.089795393996290149e-02
2.288903110016754852e-02
2.811955630952105503e-02
2.500723266610763509e-02
2.430395223504742269e-02
2.426993568001446777e-02
2.759503922889129310e-02
2.495846660199932399e-02
2.768559634068724212e-02
2.416989151435937344e-02
2.845176437815132714e-02
2.525113861584478078e-02
2.341308819864240665e-02
2.494063024770302658e-02
2.901090222812728603e-02
2.369816920741498606e-02
2.868209882585821130e-02
2.655023716569539574e-02
2.499296503923349733e-02
2.667579268815207377e-02
2.462679558193057658e-02
2.789139101993712636e-02
2.553316145112408814e-02
2.455900507039968442e-02
2.613948456175015089e-02
2.889365589654068964e-02
2.635677505899184161e-02
2.855270575384931397e-02
2.438942394728261728e-02
2.809932862726099642e-02
2.652046890428158901e-02
2.426993568001446777e-02
2.450667027886921367e-02
2.643629577741145667e-02
2.622169237310894782e-02
2.713458770422015956e-02
2.450667027886921367e-02
2.654975528349417732e-02
3.045423296630524190e-02
2.935615424722275504e-02
2.332149695108049273e-02
2.369113202047391439e-02
2.378637538855915209e-02
2.696276464542153584e-02
3.089795393996290149e-02
2.440022596206625760e-02
2.308412531643253690e-02
2.474507604928313786e-02
2.655023716569539574e-02
2.589857858471386956e-02
2.592281509015802871e-02
2.319593684484906604e-02
2.738757831744366086e-02
2.705801640724552620e-02
2.601350636589530585e-02
2.609155880921620527e-02
2.369816920741498606e-02
2.809932862726099642e-02
2.487214998022474130e-02
2.692406284914991219e-02
2.679639987341465510e-02
2.853328859609480586e-02
2.613948456175015089e-02
2.479210182999244325e-02
2.748493079539951131e-02
2.308412531643253690e-02
2.341119725014552400e-02
2.940061843492697627e-02
2.759503922889129310e-02
2.570933509012275284e-02
3.115252489311394826e-02
2.503146917155179771e-02
2.487214998022474130e-02
2.821960047517614589e-02
2.529906436837872641e-02
2.644746633472911529e-02
2.481049668381028403e-02
2.310836182187669605e-02
2.410161912062726633e-02
3.112828838766978565e-02
2.516601177444106191e-02
2.704082729853528669e-02
2.272266632816066778e-02
2.788792945510739849e-02
2.422033535739296153e-02
2.483473318925444664e-02
2.479210182999244325e-02
2.667579268815207377e-02
2.500723266610763509e-02
2.336075340711193590e-02
2.658263082425731463e-02
2.643629577741145667e-02
2.427466585583483091e-02
3.030542273654183646e-02
2.598926986045114323e-02
2.559257064073737833e-02
2.357710203999750440e-02
2.538226315640976574e-02
2.442446246751042022e-02
2.901758419132796987e-02
2.719309909312842000e-02
2.346079757276703023e-02
2.640819749132514507e-02
2.871208751294211659e-02
2.541750338785166152e-02
2.704428886336501456e-02
2.538226315640976574e-02
2.438670012939984227e-02
2.436518744183845814e-02
2.371536852591807354e-02
2.309116250337360857e-02
2.705801640724552620e-02
2.297723728131171456e-02
2.912581979951587088e-02
2.228202439612617103e-02
2.756854767305397247e-02
2.319593684484906604e-02
2.832237130614242634e-02
2.803803209157757284e-02
2.403529851427547645e-02
2.575893541274425907e-02
2.441752223336892888e-02
2.538226315640976574e-02
2.808587024425236375e-02
2.420166328628235719e-02
2.666332528181568698e-02
2.826836653928446047e-02
2.901758419132796987e-02
2.376770331744854775e-02
2.410357090800758703e-02
2.405596629229747943e-02
2.661032889453120512e-02
2.786369294966323587e-02
2.563252202336386773e-02
2.724545005088093927e-02
2.502080416813789662e-02
2.894242196064900421e-02
2.422233106430436017e-02
2.403529851427547645e-02
2.672812747968254798e-02
2.425161744351694848e-02
2.765129556740639205e-02
2.379342096923897643e-02
2.632986762683054913e-02
2.624183271931826433e-02
2.851573405385133056e-02
2.654975528349417732e-02
2.723876808768025543e-02
2.871208751294211659e-02
2.901090222812728603e-02
2.418718778566204472e-02
2.494731221090371043e-02
2.586122436150932111e-02
2.820512497455583342e-02
2.789139101993712636e-02
2.940061843492697627e-02
2.511367698291059117e-02
3.031210469974252378e-02
2.853328859609480586e-02
2.492448477175521551e-02
2.810200176727757973e-02
2.696276464542153584e-02
2.705097082656570187e-02
2.658609238908704250e-02
2.652046890428158901e-02
2.277500111969113852e-02
2.718963752829869213e-02
2.660686732970147725e-02
2.635410413227470827e-02
2.896665846609316336e-02
2.494731221090371043e-02
2.763682006678607958e-02
2.682768195953864204e-02
2.786369294966323587e-02
2.585352557881423832e-02
2.666332528181568698e-02
2.376213888311498948e-02
2.302289010964150145e-02
2.414932849475188645e-02
2.741181482288782001e-02
2.702673432112153926e-02
3.074606466857633322e-02
2.679639987341465510e-02
2.649623239883742987e-02
2.609155880921620527e-02
2.761927573433545571e-02
2.759503922889129310e-02
2.426993568001446777e-02
2.360133854544166701e-02
2.290612566025612348e-02
2.550187936500010119e-02
2.422233106430436017e-02
2.346079757276703023e-02
2.540649966185392836e-02
2.517432554908589568e-02
2.314360205331859530e-02
2.573221381270698882e-02
2.538127217973752334e-02
2.420166328628235719e-02
2.425042935039067177e-02
2.533034645450271335e-02
2.776140400089817384e-02
2.514177526899690276e-02
2.717863380230095896e-02
2.582928907337007918e-02
2.894242196064900421e-02
2.497541049699002202e-02
2.418718778566204472e-02
2.832188942394120793e-02
2.361542131306256301e-02
2.682768195953864204e-02
2.357710203999750440e-02
2.704428886336501456e-02
2.389326342367997444e-02
2.525113861584478078e-02
2.586122436150932111e-02
2.624183271931826433e-02
2.470862582466864382e-02
2.658263082425731463e-02
2.485842243634422966e-02
2.682768195953864204e-02
2.659687051152257245e-02
2.481049668381028403e-02
2.719452432564613276e-02
2.334573345652465534e-02
2.538268124603318757e-02
3.115252489311394826e-02
2.851983021308617666e-02
2.516601177444106191e-02
2.705097082656570187e-02
2.632986762683054913e-02
2.668756178725984959e-02
2.422233106430436017e-02
2.699087909772989249e-02
2.871208751294211659e-02
2.499296503923349733e-02
3.112828838766978565e-02
2.494872127719937466e-02
2.487571870764690093e-02
2.484086789410075435e-02
2.479210182999244325e-02
2.418718778566204472e-02
2.722121354543678012e-02
2.627402716463941856e-02
2.384575576076945064e-02
2.408406457838379103e-02
2.768559634068724212e-02
2.545095363976529468e-02
2.258893014080768855e-02
2.658609238908704250e-02
2.353180443540810532e-02
2.525113861584478078e-02
2.385373013067690340e-02
2.376770331744854775e-02
2.251235884383305519e-02
2.435145989795794649e-02
2.360133854544166701e-02
2.704750926173597400e-02
2.820512497455583342e-02
2.748146923056978344e-02
2.751621288152349826e-02
2.573221381270698882e-02
2.603959655769768830e-02
2.378637538855915209e-02
2.396776011115331340e-02
2.722121354543678012e-02
2.628748554764805123e-02
2.851983021308617666e-02
2.554661983413272081e-02
2.494063024770302658e-02
2.568128808747217884e-02
2.693995337249508598e-02
2.708225291268968882e-02
2.748493079539951131e-02
2.514177526899690276e-02
2.485842243634422966e-02
2.678057161340228337e-02
2.598926986045114323e-02
2.601350636589530585e-02
2.517432554908589568e-02
2.484086789410075435e-02
3.047846947174940452e-02
2.499964700243418117e-02
2.563252202336386773e-02
2.414932849475188645e-02
2.717863380230095896e-02
2.559895462566319155e-02
2.529906436837872641e-02
3.029196435353320727e-02
2.474507604928313786e-02
2.646053228285561582e-02
2.437222462877952980e-02
2.784475767410994965e-02
2.821960047517614589e-02
2.702673432112153926e-02
2.649623239883742987e-02
2.559257064073737833e-02
2.987146276770802703e-02
2.575645031815114797e-02
2.644746633472911529e-02
2.778564050634233645e-02
2.553316145112408814e-02
2.526869315808825608e-02
2.784475767410994965e-02
2.580119078728376758e-02
2.477689821840075093e-02
2.450027012772135193e-02
2.762848429447994567e-02
2.627402716463941856e-02
2.369113202047391439e-02
2.541750338785166152e-02
2.897393052812930261e-02
2.945154416016178278e-02
2.403529851427547645e-02
2.334573345652465534e-02
2.892937801018380384e-02
2.364342264634929427e-02
2.635410413227470827e-02
2.361532436026298268e-02
2.591346220024021152e-02
2.425042935039067177e-02
2.487214998022474130e-02
2.376213888311498948e-02
2.609155880921620527e-02
2.652046890428158901e-02
2.413485299413157398e-02
2.588922569479605237e-02
2.519856205453005482e-02
2.354232179071050896e-02
2.624183271931826433e-02
2.655023716569539574e-02
2.538226315640976574e-02
2.297055531811102724e-02
2.416989151435937344e-02
2.871208751294211659e-02
2.763335850195635171e-02
2.586122436150932111e-02
2.568128808747217884e-02
2.761259377113476840e-02
2.438942394728261728e-02
2.526869315808825608e-02
2.592281509015802871e-02
2.256469363536352940e-02
2.661032889453120512e-02
2.659687051152257245e-02
2.635410413227470827e-02
3.089795393996290149e-02
2.384575576076945064e-02
2.960343343154834758e-02
2.828539960614444640e-02
2.574976835495046412e-02
2.741181482288782001e-02
2.469415032404832788e-02
2.753106955319128968e-02
2.364342264634929427e-02
2.288903110016754852e-02
3.005753374659147700e-02
2.435814186115863034e-02
2.704750926173597400e-02
2.494731221090371043e-02
2.649623239883742987e-02
2.359465658224097970e-02
2.233435918765664177e-02
2.410161912062726633e-02
2.894242196064900421e-02
2.442446246751042022e-02
2.611579531466036788e-02
2.499296503923349733e-02
2.497541049699002202e-02
2.485842243634422966e-02
2.448243377342505453e-02
2.308412531643253690e-02
2.470862582466864382e-02
2.915971245789069147e-02
2.584714159388842511e-02
2.494063024770302658e-02
2.485910602975954439e-02
2.426993568001446777e-02
2.366765915179345342e-02
2.981435072150072710e-02
2.586122436150932111e-02
2.492448477175521551e-02
2.643629577741145667e-02
2.256469363536352940e-02
2.500723266610763509e-02
2.810200176727757973e-02
2.667579268815207377e-02
2.892937801018380384e-02
2.453476856495552527e-02
2.517432554908589568e-02
2.357756202215240474e-02
2.960343343154834758e-02
2.494731221090371043e-02
2.776140400089817384e-02
2.806163373880820461e-02
2.492307570545955128e-02
2.876301323817692310e-02
2.357710203999750440e-02
2.455900507039968442e-02
2.519856205453005482e-02
2.762848429447994567e-02
2.376770331744854775e-02
3.022389851859835774e-02
2.573221381270698882e-02
2.658263082425731463e-02
2.914029530013618335e-02
2.584045963068773780e-02
2.659687051152257245e-02
2.615362653817409830e-02
2.430443411724864111e-02
2.736470478118440894e-02
2.870633533130237391e-02
2.582290508844426249e-02
2.598726176616721756e-02
2.353180443540810532e-02
2.743102538753619535e-02
2.477689821840075093e-02
2.577695428183960497e-02
2.805323570316926515e-02
2.422233106430436017e-02
2.626993100540457593e-02
2.695930308059180797e-02
3.089795393996290149e-02
2.628748554764805123e-02
2.598726176616721756e-02
2.634742216907402443e-02
2.708225291268968882e-02
2.477689821840075093e-02
2.396776011115331340e-02
2.450667027886921367e-02
2.403529851427547645e-02
2.420166328628235719e-02
2.666332528181568698e-02
2.453476856495552527e-02
2.640819749132514507e-02
2.894242196064900421e-02
2.871208751294211659e-02
2.626993100540457593e-02
2.856019824155555178e-02
2.485910602975954439e-02
2.308412531643253690e-02
2.453476856495552527e-02
2.629416751084873508e-02
