2.888474964173341764e-02
2.889807373237427909e-02
2.890361684771985268e-02
2.804347601584396971e-02
2.817557360969630623e-02
2.832092436932834301e-02
2.507485484853590185e-02
3.085891127689281352e-02
2.507485484853590185e-02
3.010639049876078291e-02
2.944231510792143236e-02
2.662536250365986346e-02
3.112238026764176796e-02
2.286098507186454243e-02
2.854190348090140938e-02
2.987143202445230461e-02
2.594211993616702544e-02
3.083396631615128655e-02
3.059772278895253605e-02
2.601976404295038015e-02
2.596345630654826181e-02
2.980518129603941871e-02
2.978444457788195776e-02
2.735165326816009490e-02
2.836673827981806006e-02
3.117734131639327347e-02
2.917884611717247098e-02
3.115475941573057211e-02
2.532945863847923737e-02
2.804347601584396971e-02
3.285740647611361254e-02
2.849811918279891026e-02
2.804347601584396971e-02
2.836673827981806006e-02
3.091980094142209382e-02
3.114196416449969279e-02
3.212811770780860110e-02
3.157236613392083030e-02
2.757172762251013445e-02
3.283782257925568770e-02
2.481144727656387633e-02
2.980402847473987565e-02
2.662536250365986346e-02
3.010639049876078291e-02
2.672647091059269370e-02
3.141229979070175177e-02
2.895992458412197101e-02
2.872496610981349272e-02
3.010639049876078291e-02
3.438780139496967758e-02
2.980518129603941871e-02
2.700952379819957297e-02
3.062395280258433522e-02
2.672647091059269370e-02
2.854393309328862732e-02
2.696719542453286655e-02
3.027692968937324702e-02
2.464796854450971436e-02
2.854393309328862732e-02
2.596345630654826181e-02
2.423429791351794024e-02
2.704490095009315712e-02
3.090576015990974951e-02
3.002040255436107599e-02
2.688142221803899168e-02
2.980518129603941871e-02
2.698993990134165161e-02
2.722355168799951708e-02
2.935379658034999173e-02
3.088442378952850967e-02
2.628468895813513423e-02
2.668420395570291967e-02
2.819690998007754607e-02
2.509443874539381975e-02
2.464796854450971436e-02
2.819690998007754607e-02
3.309236495042208737e-02
2.830496024274715625e-02
2.854190348090140938e-02
3.051984639184672499e-02
2.504640575087235463e-02
3.122902242388383293e-02
3.285740647611361254e-02
2.886516574487549627e-02
3.180732460822931207e-02
2.504640575087235463e-02
3.051188816368172532e-02
3.002040255436107599e-02
2.890361684771985268e-02
3.083515042765581568e-02
3.017771692188619959e-02
2.446925638782641854e-02
3.091980094142209382e-02
3.058060805648941602e-02
2.985692382230691055e-02
2.823508974405753227e-02
2.686183832118107379e-02
3.058060805648941602e-02
2.915261610354067875e-02
3.277953007900780147e-02
2.628468895813513423e-02
2.696719542453286655e-02
2.565200421158184141e-02
2.800013126974905397e-02
2.694761152767494866e-02
3.122902242388383293e-02
2.815598971283838486e-02
3.056363068994922411e-02
2.891765762923220046e-02
3.096206789631186437e-02
3.309236495042208737e-02
3.317948462858316683e-02
3.062395280258433522e-02
3.122655325948903160e-02
2.752476089072088128e-02
2.859686452965291142e-02
2.670271006135569586e-02
2.578480556864190185e-02
2.886516574487549627e-02
2.752476089072088128e-02
2.628424940612755084e-02
2.954648809976869600e-02
2.894388764286399268e-02
3.148409363446021819e-02
2.954648809976869600e-02
3.238565808277978075e-02
3.088442378952850967e-02
2.954648809976869600e-02
3.017771692188619959e-02
2.819690998007754607e-02
3.485954978830350243e-02
2.407081918146377481e-02
2.886516574487549627e-02
2.531089111404952186e-02
2.804347601584396971e-02
3.083396631615128655e-02
2.594211993616702544e-02
3.348623694665010808e-02
2.836673827981806006e-02
3.117734131639327347e-02
2.820180362332810192e-02
2.602121996738617285e-02
2.846989489923711092e-02
2.636341085612363411e-02
2.473374175100358924e-02
2.823363381962173957e-02
2.251885560190402050e-02
3.002040255436107599e-02
2.670271006135569586e-02
2.628468895813513423e-02
2.890851049097041547e-02
2.783519661325909583e-02
3.141229979070175177e-02
3.415284292066119581e-02
3.148409363446021819e-02
3.122655325948903160e-02
2.702531705323523575e-02
2.733676914820165615e-02
3.059900784184280825e-02
3.236607418592185592e-02
3.091980094142209382e-02
3.157236613392083030e-02
2.886516574487549627e-02
3.114196416449969279e-02
2.700952379819957297e-02
2.423429791351794024e-02
3.012597439561870427e-02
3.277953007900780147e-02
2.913303220668275739e-02
2.634201306696546188e-02
2.441294865142430021e-02
3.243740060904727607e-02
3.238565808277978075e-02
3.088442378952850967e-02
2.644816769018929967e-02
2.699095627376986439e-02
2.849811918279891026e-02
2.733676914820165615e-02
2.815598971283838486e-02
3.025734579251532913e-02
3.309236495042208737e-02
3.146404231696924708e-02
3.415284292066119581e-02
3.415284292066119581e-02
2.565200421158184141e-02
2.862720926676223451e-02
2.733206937130217701e-02
3.180732460822931207e-02
2.804347601584396971e-02
2.917884611717247098e-02
2.849811918279891026e-02
2.662536250365986346e-02
2.477607012467029565e-02
2.991724593494202167e-02
3.180732460822931207e-02
2.475230927543329781e-02
2.817557360969630623e-02
3.083268126326101435e-02
3.509450826261198420e-02
2.531089111404952186e-02
3.139271589384383387e-02
3.146404231696924708e-02
2.888474964173341764e-02
3.085891127689281352e-02
2.665129596820414032e-02
3.085891127689281352e-02
2.665129596820414032e-02
2.662681842809565963e-02
3.415284292066119581e-02
2.481144727656387633e-02
3.283782257925568770e-02
2.946189900477935372e-02
3.085891127689281352e-02
3.025681695310534700e-02
2.860169675412653836e-02
2.946189900477935372e-02
3.034265157837615426e-02
3.139271589384383387e-02
2.464796854450971436e-02
2.757057480121059834e-02
2.659836933043211241e-02
2.727985942440163541e-02
3.314410747668958268e-02
2.686183832118107379e-02
2.504640575087235463e-02
2.888228047733861631e-02
2.691916243001139797e-02
3.243740060904727607e-02
2.634201306696546188e-02
3.060019195334733738e-02
2.700952379819957297e-02
2.562132683658773641e-02
2.630427285499305212e-02
2.630281693055726289e-02
3.212811770780860110e-02
2.832092436932834301e-02
2.733206937130217701e-02
2.944231510792143236e-02
2.686183832118107379e-02
2.859922758973173704e-02
2.767373142062965613e-02
3.438780139496967758e-02
2.925063996093094087e-02
3.213111571161338109e-02
3.180732460822931207e-02
2.664882680380933899e-02
2.854190348090140938e-02
2.785478051011702066e-02
3.083515042765581568e-02
3.062395280258433522e-02
2.668312616449777797e-02
2.664640232495357752e-02
3.180617178692977248e-02
2.660548205771442326e-02
3.025536102866955429e-02
2.767373142062965613e-02
3.180617178692977248e-02
3.348623694665010808e-02
2.688142221803899168e-02
2.886516574487549627e-02
2.980518129603941871e-02
2.834050826618626090e-02
3.114196416449969279e-02
3.309236495042208737e-02
2.665129596820414032e-02
2.800013126974905397e-02
2.578626149307769455e-02
2.815598971283838486e-02
3.012597439561870427e-02
3.238565808277978075e-02
2.662536250365986346e-02
2.531089111404952186e-02
2.667016317419057536e-02
2.801825924217118263e-02
2.406936325702798210e-02
3.309236495042208737e-02
2.985692382230691055e-02
3.314410747668958268e-02
2.860169675412653836e-02
3.083268126326101435e-02
2.922440994729914171e-02
2.980518129603941871e-02
2.859686452965291142e-02
2.785478051011702066e-02
2.735165326816009490e-02
2.890851049097041547e-02
2.698993990134165161e-02
3.148409363446021819e-02
3.122655325948903160e-02
2.922440994729914171e-02
2.946189900477935372e-02
2.980402847473987565e-02
2.957022282173094041e-02
3.059900784184280825e-02
2.920729521483601820e-02
3.077738676681790464e-02
2.562132683658773641e-02
2.860169675412653836e-02
2.859922758973173704e-02
3.180617178692977248e-02
3.317948462858316683e-02
2.856148737775932728e-02
3.189315923350011933e-02
2.823363381962173957e-02
3.015220440925049997e-02
2.920482605044121688e-02
2.567158810843975930e-02
3.088442378952850967e-02
3.148409363446021819e-02
3.213111571161338109e-02
2.628424940612755084e-02
2.920435862980817407e-02
3.139271589384383387e-02
2.922569500018941391e-02
3.002185847879686870e-02
2.634201306696546188e-02
2.441294865142430021e-02
2.702531705323523575e-02
2.922687911169394304e-02
3.314410747668958268e-02
3.051188816368172532e-02
3.049230426682380743e-02
2.423429791351794024e-02
3.057761005268463256e-02
2.815598971283838486e-02
2.980518129603941871e-02
2.896933873672275644e-02
2.660548205771442326e-02
3.083268126326101435e-02
2.530987474162131601e-02
2.578626149307769455e-02
2.830641616718294895e-02
3.180617178692977248e-02
2.765756224778094519e-02
3.091980094142209382e-02
2.978559739918149388e-02
2.446925638782641854e-02
2.957022282173094041e-02
2.702531705323523575e-02
3.077738676681790464e-02
2.855588284363682131e-02
3.180732460822931207e-02
2.688142221803899168e-02
2.801825924217118263e-02
3.251403147587161868e-02
2.783519661325909583e-02
2.913303220668275739e-02
2.423429791351794024e-02
2.789252072208942348e-02
3.083515042765581568e-02
3.243740060904727607e-02
3.081309736640309299e-02
2.980518129603941871e-02
2.857728063279499353e-02
3.034265157837615426e-02
2.675445258762319117e-02
3.148409363446021819e-02
2.862720926676223451e-02
3.081309736640309299e-02
2.857728063279499353e-02
3.238565808277978075e-02
2.827843449015244801e-02
2.691916243001139797e-02
2.664494640051778829e-02
3.056363068994922411e-02
2.920729521483601820e-02
2.532945863847923737e-02
2.815598971283838486e-02
3.083268126326101435e-02
2.825321771647966093e-02
2.668312616449777797e-02
3.213111571161338109e-02
2.735165326816009490e-02
2.720396779114159919e-02
2.917884611717247098e-02
2.904704426228305048e-02
3.091980094142209382e-02
3.285740647611361254e-02
3.019905329226743596e-02
2.856148737775932728e-02
2.980402847473987565e-02
3.012597439561870427e-02
3.062395280258433522e-02
2.630281693055726289e-02
2.532945863847923737e-02
2.694761152767494866e-02
2.601976404295038015e-02
3.034265157837615426e-02
2.854190348090140938e-02
3.059772278895253605e-02
2.423429791351794024e-02
2.636341085612363411e-02
2.894388764286399268e-02
2.823508974405753227e-02
2.817557360969630623e-02
3.283729373984570210e-02
2.836673827981806006e-02
2.709658205758371657e-02
2.610705459265698358e-02
2.439161228104306384e-02
2.562132683658773641e-02
2.854393309328862732e-02
2.628323303369934152e-02
3.112238026764176796e-02
2.883182300396138972e-02
2.854393309328862732e-02
3.015220440925049997e-02
2.702531705323523575e-02
2.783519661325909583e-02
2.819690998007754607e-02
2.980518129603941871e-02
2.989101592131022597e-02
2.817557360969630623e-02
2.823508974405753227e-02
2.823508974405753227e-02
2.481144727656387633e-02
2.601976404295038015e-02
3.017771692188619959e-02
2.691916243001139797e-02
3.049230426682380743e-02
3.415284292066119581e-02
3.085891127689281352e-02
2.896933873672275644e-02
2.991724593494202167e-02
3.083396631615128655e-02
2.800013126974905397e-02
2.864854563714347435e-02
2.688142221803899168e-02
2.634201306696546188e-02
3.002185847879686870e-02
3.148409363446021819e-02
2.991724593494202167e-02
2.441149272698850403e-02
2.694761152767494866e-02
3.060019195334733738e-02
2.665129596820414032e-02
3.090576015990974951e-02
3.317948462858316683e-02
2.423429791351794024e-02
2.644816769018929967e-02
2.856148737775932728e-02
2.602121996738617285e-02
3.122655325948903160e-02
2.733206937130217701e-02
2.785478051011702066e-02
2.886269658048069495e-02
3.019905329226743596e-02
3.088689295392330753e-02
3.081309736640309299e-02
2.820180362332810192e-02
3.180617178692977248e-02
2.789252072208942348e-02
2.888474964173341764e-02
3.015220440925049997e-02
2.890361684771985268e-02
3.115775741953535211e-02
2.849811918279891026e-02
3.083268126326101435e-02
2.889807373237427909e-02
2.668420395570291967e-02
2.630281693055726289e-02
3.189315923350011933e-02
2.628468895813513423e-02
2.870538221295557135e-02
2.895992458412197101e-02
2.752476089072088128e-02
2.889807373237427909e-02
2.664882680380933899e-02
2.720396779114159919e-02
2.704490095009315712e-02
3.027692968937324702e-02
3.060019195334733738e-02
3.146404231696924708e-02
2.832092436932834301e-02
3.012597439561870427e-02
2.634201306696546188e-02
2.920435862980817407e-02
2.496876164408899992e-02
2.757057480121059834e-02
2.901166711038946633e-02
2.757172762251013445e-02
2.594211993616702544e-02
2.804347601584396971e-02
2.407081918146377481e-02
2.801825924217118263e-02
2.660548205771442326e-02
2.946189900477935372e-02
3.017771692188619959e-02
2.628323303369934152e-02
2.446925638782641854e-02
2.765756224778094519e-02
2.799867534531326127e-02
2.851770307965682816e-02
2.801971516660697187e-02
2.696719542453286655e-02
3.115475941573057211e-02
2.499009801447023976e-02
2.531089111404952186e-02
2.785478051011702066e-02
3.141229979070175177e-02
2.789252072208942348e-02
2.800013126974905397e-02
2.757057480121059834e-02
2.667016317419057536e-02
2.925063996093094087e-02
2.699342543816466572e-02
2.883182300396138972e-02
2.854190348090140938e-02
3.027692968937324702e-02
2.800013126974905397e-02
2.817732608321962123e-02
2.991724593494202167e-02
2.836426911542325874e-02
3.309236495042208737e-02
2.511819959463081758e-02
2.601976404295038015e-02
2.817732608321962123e-02
2.922569500018941391e-02
3.212811770780860110e-02
2.757057480121059834e-02
2.699095627376986439e-02
2.667016317419057536e-02
3.260233526553722727e-02
3.083268126326101435e-02
2.985692382230691055e-02
2.699095627376986439e-02
3.307278105356416253e-02
3.509450826261198420e-02
2.888228047733861631e-02
3.180617178692977248e-02
2.872496610981349272e-02
2.659836933043211241e-02
2.757172762251013445e-02
3.010639049876078291e-02
3.059900784184280825e-02
2.819690998007754607e-02
2.765756224778094519e-02
2.733160195066913073e-02
2.496876164408899992e-02
2.980402847473987565e-02
2.957022282173094041e-02
2.686183832118107379e-02
2.507485484853590185e-02
3.122902242388383293e-02
2.496876164408899992e-02
3.081556653079789432e-02
2.857546674049473920e-02
2.646775158704721756e-02
2.733206937130217701e-02
2.688142221803899168e-02
3.051984639184672499e-02
2.925063996093094087e-02
3.025681695310534700e-02
2.644816769018929967e-02
2.634201306696546188e-02
2.859686452965291142e-02
2.823363381962173957e-02
2.978559739918149388e-02
2.851770307965682816e-02
2.864854563714347435e-02
2.596345630654826181e-02
2.894034068726404965e-02
3.081309736640309299e-02
2.702531705323523575e-02
2.854393309328862732e-02
3.122902242388383293e-02
3.025536102866955429e-02
2.851770307965682816e-02
2.511819959463081758e-02
2.499009801447023976e-02
2.668312616449777797e-02
2.859922758973173704e-02
2.985692382230691055e-02
2.895992458412197101e-02
2.922687911169394304e-02
3.485954978830350243e-02
2.688142221803899168e-02
2.406936325702798210e-02
2.473374175100358924e-02
2.836426911542325874e-02
2.935379658034999173e-02
3.059772278895253605e-02
2.817557360969630623e-02
2.662681842809565963e-02
2.720396779114159919e-02
2.481144727656387633e-02
2.662681842809565963e-02
3.043525729685737924e-02
2.699095627376986439e-02
3.509450826261198420e-02
2.662681842809565963e-02
3.285740647611361254e-02
3.049230426682380743e-02
2.870538221295557135e-02
3.019905329226743596e-02
2.343813443491048198e-02
2.754434478757880611e-02
2.888474964173341764e-02
3.509450826261198420e-02
2.343813443491048198e-02
2.646775158704721756e-02
2.830496024274715625e-02
3.141229979070175177e-02
2.883182300396138972e-02
3.415284292066119581e-02
2.660548205771442326e-02
2.922569500018941391e-02
2.851770307965682816e-02
2.864854563714347435e-02
2.854393309328862732e-02
3.051188816368172532e-02
3.072710942200338607e-02
2.888228047733861631e-02
2.578626149307769455e-02
2.610705459265698358e-02
2.827843449015244801e-02
3.251403147587161868e-02
3.025681695310534700e-02
2.251885560190402050e-02
2.596345630654826181e-02
3.348623694665010808e-02
2.668420395570291967e-02
2.596345630654826181e-02
2.957022282173094041e-02
2.864708971270767818e-02
3.002185847879686870e-02
2.406936325702798210e-02
2.630427285499305212e-02
2.891765762923220046e-02
3.025681695310534700e-02
3.058060805648941602e-02
2.507485484853590185e-02
2.789252072208942348e-02
2.670271006135569586e-02
2.496876164408899992e-02
3.012597439561870427e-02
2.836426911542325874e-02
2.935379658034999173e-02
2.925063996093094087e-02
2.757057480121059834e-02
2.917884611717247098e-02
2.917884611717247098e-02
3.509450826261198420e-02
2.857546674049473920e-02
2.733160195066913073e-02
2.785478051011702066e-02
3.083396631615128655e-02
2.799867534531326127e-02
2.634201306696546188e-02
3.146450973760229336e-02
2.406936325702798210e-02
2.473374175100358924e-02
2.854190348090140938e-02
2.596345630654826181e-02
2.980518129603941871e-02
2.464796854450971436e-02
2.509443874539381975e-02
2.804347601584396971e-02
3.083396631615128655e-02
2.649151243628421540e-02
2.507485484853590185e-02
2.531089111404952186e-02
2.446925638782641854e-02
3.122655325948903160e-02
2.957022282173094041e-02
2.727985942440163541e-02
2.686183832118107379e-02
2.978444457788195776e-02
2.820180362332810192e-02
3.017771692188619959e-02
3.051984639184672499e-02
2.859922758973173704e-02
2.955063892487301558e-02
2.628468895813513423e-02
3.025734579251532913e-02
2.565200421158184141e-02
2.628424940612755084e-02
2.499009801447023976e-02
2.733160195066913073e-02
3.259986610114243288e-02
2.915261610354067875e-02
2.870538221295557135e-02
2.504640575087235463e-02
2.662681842809565963e-02
2.722844533125007294e-02
2.891765762923220046e-02
2.567158810843975930e-02
3.051188816368172532e-02
2.423429791351794024e-02
2.825467364091545017e-02
3.189315923350011933e-02
2.720396779114159919e-02
2.799867534531326127e-02
2.757172762251013445e-02
3.034265157837615426e-02
2.662536250365986346e-02
3.141229979070175177e-02
2.825321771647966093e-02
3.115775741953535211e-02
3.309236495042208737e-02
2.888403295086193479e-02
3.212811770780860110e-02
2.870538221295557135e-02
3.025681695310534700e-02
2.667016317419057536e-02
3.091980094142209382e-02
2.649151243628421540e-02
2.870485337354558922e-02
2.473272537857537992e-02
2.917884611717247098e-02
3.115775741953535211e-02
3.283729373984570210e-02
2.735165326816009490e-02
2.800013126974905397e-02
3.057813889209461469e-02
3.141229979070175177e-02
3.049230426682380743e-02
2.664494640051778829e-02
2.251885560190402050e-02
2.799867534531326127e-02
2.825467364091545017e-02
2.854393309328862732e-02
2.473374175100358924e-02
2.890851049097041547e-02
3.060019195334733738e-02
3.283782257925568770e-02
2.691916243001139797e-02
3.277953007900780147e-02
2.896933873672275644e-02
2.251885560190402050e-02
3.025681695310534700e-02
2.688142221803899168e-02
2.446925638782641854e-02
2.854393309328862732e-02
2.820180362332810192e-02
2.851770307965682816e-02
3.083515042765581568e-02
3.059772278895253605e-02
2.733206937130217701e-02
3.056363068994922411e-02
2.864854563714347435e-02
3.122902242388383293e-02
2.664640232495357752e-02
2.825467364091545017e-02
2.922569500018941391e-02
2.704490095009315712e-02
3.189315923350011933e-02
3.062395280258433522e-02
3.307278105356416253e-02
2.886516574487549627e-02
2.985692382230691055e-02
2.406936325702798210e-02
2.286098507186454243e-02
2.991724593494202167e-02
2.646775158704721756e-02
2.859922758973173704e-02
2.662536250365986346e-02
2.691916243001139797e-02
2.699342543816466572e-02
2.309600496494995658e-02
2.578480556864190185e-02
2.664640232495357752e-02
2.767373142062965613e-02
3.285740647611361254e-02
3.057813889209461469e-02
3.141229979070175177e-02
3.085891127689281352e-02
3.260233526553722727e-02
2.954648809976869600e-02
3.083515042765581568e-02
2.857546674049473920e-02
2.628468895813513423e-02
2.630281693055726289e-02
2.343813443491048198e-02
2.660548205771442326e-02
2.644816769018929967e-02
3.075780286995998675e-02
2.475230927543329781e-02
3.115475941573057211e-02
3.012597439561870427e-02
2.857728063279499353e-02
2.694761152767494866e-02
3.056363068994922411e-02
3.309236495042208737e-02
2.955063892487301558e-02
2.823508974405753227e-02
2.475230927543329781e-02
2.722355168799951708e-02
2.904704426228305048e-02
2.699342543816466572e-02
2.662506595457234115e-02
2.890361684771985268e-02
3.259986610114243288e-02
3.085891127689281352e-02
2.917884611717247098e-02
2.920729521483601820e-02
3.056363068994922411e-02
3.180732460822931207e-02
2.864708971270767818e-02
2.343813443491048198e-02
2.894388764286399268e-02
2.870538221295557135e-02
2.881223910710347183e-02
2.854190348090140938e-02
3.189315923350011933e-02
2.343813443491048198e-02
2.817557360969630623e-02
3.157236613392083030e-02
3.057813889209461469e-02
3.019905329226743596e-02
3.117734131639327347e-02
2.757172762251013445e-02
2.980402847473987565e-02
3.072710942200338607e-02
3.019905329226743596e-02
2.628424940612755084e-02
3.117734131639327347e-02
2.817732608321962123e-02
2.891765762923220046e-02
2.668312616449777797e-02
3.122902242388383293e-02
2.800013126974905397e-02
2.922687911169394304e-02
2.423429791351794024e-02
2.664882680380933899e-02
2.735165326816009490e-02
2.720396779114159919e-02
3.083268126326101435e-02
2.343813443491048198e-02
2.815598971283838486e-02
2.823363381962173957e-02
2.757172762251013445e-02
2.709658205758371657e-02
2.891765762923220046e-02
2.473272537857537992e-02
3.025734579251532913e-02
2.801971516660697187e-02
3.283782257925568770e-02
3.114196416449969279e-02
2.511819959463081758e-02
2.662536250365986346e-02
2.857728063279499353e-02
2.675445258762319117e-02
3.139271589384383387e-02
2.834050826618626090e-02
2.801825924217118263e-02
3.057761005268463256e-02
2.783519661325909583e-02
2.644816769018929967e-02
2.634201306696546188e-02
2.955063892487301558e-02
3.015220440925049997e-02
3.060019195334733738e-02
3.090576015990974951e-02
2.672647091059269370e-02
2.855588284363682131e-02
2.978559739918149388e-02
2.601976404295038015e-02
3.010639049876078291e-02
2.859922758973173704e-02
2.565200421158184141e-02
3.059772278895253605e-02
3.012597439561870427e-02
2.407081918146377481e-02
2.954648809976869600e-02
2.628323303369934152e-02
2.830496024274715625e-02
2.578626149307769455e-02
3.238565808277978075e-02
2.827843449015244801e-02
2.504640575087235463e-02
2.854190348090140938e-02
2.901166711038946633e-02
2.804347601584396971e-02
2.817557360969630623e-02
2.733676914820165615e-02
2.894388764286399268e-02
3.341444310289164166e-02
3.415284292066119581e-02
2.530987474162131601e-02
2.691916243001139797e-02
2.439161228104306384e-02
2.985692382230691055e-02
3.277953007900780147e-02
2.475230927543329781e-02
3.062395280258433522e-02
3.058060805648941602e-02
2.667016317419057536e-02
2.251885560190402050e-02
3.081309736640309299e-02
3.146450973760229336e-02
2.343813443491048198e-02
2.957022282173094041e-02
2.664882680380933899e-02
2.888228047733861631e-02
2.872496610981349272e-02
2.895992458412197101e-02
2.823508974405753227e-02
2.854393309328862732e-02
2.854393309328862732e-02
3.088689295392330753e-02
2.423429791351794024e-02
3.062395280258433522e-02
3.002185847879686870e-02
2.888403295086193479e-02
2.251885560190402050e-02
2.890851049097041547e-02
3.215069960847129898e-02
2.251885560190402050e-02
3.010639049876078291e-02
3.283782257925568770e-02
3.148409363446021819e-02
3.283782257925568770e-02
2.757172762251013445e-02
2.407081918146377481e-02
2.830496024274715625e-02
3.314410747668958268e-02
2.954648809976869600e-02
3.058060805648941602e-02
2.722355168799951708e-02
3.091980094142209382e-02
2.733160195066913073e-02
2.915261610354067875e-02
3.283729373984570210e-02
3.081556653079789432e-02
2.709658205758371657e-02
3.083268126326101435e-02
3.081556653079789432e-02
2.698993990134165161e-02
2.862720926676223451e-02
3.243740060904727607e-02
3.056363068994922411e-02
3.415284292066119581e-02
3.415284292066119581e-02
3.010639049876078291e-02
2.889807373237427909e-02
2.664640232495357752e-02
3.015220440925049997e-02
2.720396779114159919e-02
2.691916243001139797e-02
2.955063892487301558e-02
2.920482605044121688e-02
2.662681842809565963e-02
2.646775158704721756e-02
2.504640575087235463e-02
2.978559739918149388e-02
2.727985942440163541e-02
2.496876164408899992e-02
2.883182300396138972e-02
3.058060805648941602e-02
2.594211993616702544e-02
2.800013126974905397e-02
3.041567339999946135e-02
2.722844533125007294e-02
2.722844533125007294e-02
3.307278105356416253e-02
2.922440994729914171e-02
3.348623694665010808e-02
3.238565808277978075e-02
3.157236613392083030e-02
2.862720926676223451e-02
2.507485484853590185e-02
3.115475941573057211e-02
2.481144727656387633e-02
2.801825924217118263e-02
3.485954978830350243e-02
2.286098507186454243e-02
2.862720926676223451e-02
2.881223910710347183e-02
2.636341085612363411e-02
2.309600496494995658e-02
2.859922758973173704e-02
3.115475941573057211e-02
3.072710942200338607e-02
2.499009801447023976e-02
2.718263142076035935e-02
2.913303220668275739e-02
2.562132683658773641e-02
3.341444310289164166e-02
3.051984639184672499e-02
3.317948462858316683e-02
2.309600496494995658e-02
2.832092436932834301e-02
2.441294865142430021e-02
2.823508974405753227e-02
2.825467364091545017e-02
2.675445258762319117e-02
2.991724593494202167e-02
3.017771692188619959e-02
2.922440994729914171e-02
3.083396631615128655e-02
3.041567339999946135e-02
2.407081918146377481e-02
2.860169675412653836e-02
2.511819959463081758e-02
3.077738676681790464e-02
2.499009801447023976e-02
3.083515042765581568e-02
3.059900784184280825e-02
2.825321771647966093e-02
