2.688286813233379050e-02
2.448924912086960712e-02
2.516322138457926030e-02
2.866467234072371528e-02
1.840463981295685156e-02
2.152179983050361498e-02
2.103898804585918950e-02
2.006644576402374577e-02
2.183862802849544094e-02
2.800895825688009752e-02
2.306294879287206986e-02
3.106584939368024420e-02
2.205410362354638665e-02
2.368233147019804807e-02
2.308691478612845058e-02
1.840463981295685156e-02
2.223954921501979098e-02
2.006644576402374577e-02
2.155300514000852569e-02
1.873406794747559459e-02
2.528377783234052323e-02
2.228727480349219914e-02
2.392753456347316773e-02
2.300268974488482721e-02
2.155300514000852569e-02
2.451839356752973792e-02
2.249434211233905870e-02
2.006644576402374577e-02
2.252554742184396941e-02
2.741638558309070564e-02
2.446037825448824435e-02
2.228727480349219914e-02
2.300835920648839489e-02
3.106584939368024420e-02
2.152179983050361498e-02
2.595775009605017641e-02
2.095489698694404795e-02
3.017461599358725946e-02
2.451263339774837138e-02
2.492061711190717010e-02
2.628745144826419300e-02
2.377383417947697905e-02
2.341067345904362593e-02
2.594126816886945658e-02
2.451830285935193907e-02
2.252554742184396941e-02
2.398090148832383861e-02
2.451263339774837138e-02
2.163156071964858138e-02
2.866467234072371528e-02
2.405945706796389430e-02
2.072960556215624334e-02
2.528377783234052323e-02
1.973999562211369019e-02
2.951890190974364170e-02
2.667316503744280448e-02
2.587919451641012072e-02
3.120232957818399461e-02
2.459685843899199476e-02
2.229747381988348570e-02
2.385238975911703474e-02
2.152179983050361498e-02
2.587919451641012072e-02
1.983327458407793675e-02
2.511371954342153656e-02
2.938242172523988782e-02
2.528377783234052323e-02
2.070969389366892829e-02
1.991005391103267685e-02
2.430466016123901396e-02
2.006644576402374577e-02
2.599919277373315477e-02
2.155300514000852569e-02
1.873406794747559459e-02
2.549525717991682483e-02
3.009330711184480048e-02
2.086608574665999721e-02
2.379721845635574332e-02
2.505579493855784184e-02
2.163156071964858138e-02
2.149508053514483097e-02
2.951890190974364170e-02
2.228727480349219914e-02
2.306294879287206986e-02
3.160325076470833772e-02
2.431132625868288183e-02
2.400609014311322342e-02
2.229747381988348570e-02
2.072960556215624334e-02
1.962472946395033696e-02
2.155300514000852569e-02
1.724750857149081468e-02
2.288269148756179663e-02
2.362716016743675665e-02
2.492061711190717010e-02
2.170214784399168706e-02
2.397523202672027093e-02
2.306294879287206986e-02
2.078753016701994152e-02
2.456780470050966281e-02
3.166117536957203937e-02
2.086608574665999721e-02
2.078753016701994152e-02
1.996975476858168716e-02
3.015123171670849520e-02
2.482493204095247846e-02
2.300835920648839489e-02
2.536233341198057892e-02
2.741638558309070564e-02
2.149508053514483097e-02
2.866467234072371528e-02
2.451263339774837138e-02
2.211721651457321247e-02
2.249434211233905870e-02
2.006644576402374577e-02
2.300502418800837168e-02
2.398090148832383861e-02
2.385238975911703474e-02
2.162886925065370114e-02
2.554034698234510653e-02
1.840463981295685156e-02
2.508466580493920461e-02
2.484206153226711442e-02
2.543747821633671191e-02
2.314150437251212555e-02
2.505579493855784184e-02
2.836942750831857041e-02
2.260410300148402510e-02
2.211721651457321247e-02
2.582126991154642254e-02
2.398090148832383861e-02
2.176007244885538525e-02
2.599919277373315477e-02
2.300835920648839489e-02
1.930097079103516161e-02
2.059727174578578068e-02
2.211721651457321247e-02
2.111128883993511687e-02
2.551603379597676760e-02
2.155300514000852569e-02
2.252554742184396941e-02
2.176007244885538525e-02
2.249434211233905870e-02
1.991005391103267685e-02
3.015123171670849520e-02
2.644384330125526192e-02
2.793040267724004183e-02
2.528386854051832555e-02
2.211721651457321247e-02
2.866467234072371528e-02
2.599919277373315477e-02
2.306294879287206986e-02
2.175440298725181756e-02
2.325981708532764286e-02
2.528377783234052323e-02
3.112377399854393892e-02
2.938242172523988782e-02
2.587919451641012072e-02
2.451263339774837138e-02
2.157638941688728995e-02
2.111128883993511687e-02
2.300502418800837168e-02
2.229747381988348570e-02
2.468845185644872806e-02
3.017461599358725946e-02
1.768922487156422349e-02
2.116863039323477191e-02
1.911785964268530869e-02
2.111128883993511687e-02
2.866467234072371528e-02
2.335550215628233450e-02
2.228727480349219914e-02
2.331951794287665317e-02
2.303174348336715915e-02
2.436925086354657655e-02
2.183862802849544094e-02
2.086608574665999721e-02
2.459685843899199476e-02
2.377383417947697905e-02
2.229747381988348570e-02
2.628745144826419300e-02
2.599919277373315477e-02
2.116863039323477191e-02
2.103898804585918950e-02
2.398090148832383861e-02
2.341351746932383154e-02
2.113467311681388114e-02
2.183862802849544094e-02
2.229747381988348570e-02
2.795378695411880610e-02
2.122655499809847010e-02
2.377383417947697905e-02
2.379721845635574332e-02
2.371590957461328433e-02
2.300835920648839489e-02
2.246762281698027469e-02
1.911785964268530869e-02
2.306294879287206986e-02
2.341067345904362593e-02
2.341067345904362593e-02
2.072960556215624334e-02
2.457064871078986842e-02
2.436925086354657655e-02
3.009330711184480048e-02
2.392297688346014042e-02
3.015123171670849520e-02
2.095489698694404795e-02
2.482493204095247846e-02
2.229180435827991802e-02
2.070969389366892829e-02
2.360377589055799238e-02
2.262123249279866105e-02
2.325981708532764286e-02
2.300268974488482721e-02
2.795378695411880610e-02
3.173973094921209159e-02
2.295043460162469670e-02
2.800895825688009752e-02
2.249434211233905870e-02
2.325981708532764286e-02
2.451263339774837138e-02
2.478413692740341970e-02
1.692374989857563933e-02
2.938242172523988782e-02
2.152179983050361498e-02
2.262123249279866105e-02
2.308691478612845058e-02
2.184555850341879032e-02
2.211202822841008483e-02
2.793040267724004183e-02
2.451830285935193907e-02
2.176007244885538525e-02
2.511371954342153656e-02
2.226842008140115375e-02
2.211202822841008483e-02
2.333211787940357024e-02
2.451839356752973792e-02
2.582126991154642254e-02
1.914457893804409269e-02
2.406662240879573963e-02
3.074664840077809269e-02
2.237602939952354139e-02
2.398090148832383861e-02
2.451263339774837138e-02
2.397523202672027093e-02
3.112377399854393892e-02
2.078186070541637384e-02
2.505579493855784184e-02
1.841030927456041924e-02
2.095489698694404795e-02
1.914457893804409269e-02
2.086608574665999721e-02
2.522585322747682504e-02
3.022978729634855088e-02
2.295043460162469670e-02
2.628745144826419300e-02
2.027351307287060533e-02
2.444780644318663224e-02
1.991005391103267685e-02
1.991005391103267685e-02
2.006644576402374577e-02
2.078753016701994152e-02
3.112377399854393892e-02
3.015123171670849520e-02
2.300835920648839489e-02
2.884502035421179084e-02
2.341067345904362593e-02
1.930097079103516161e-02
1.962472946395033696e-02
1.973999562211369019e-02
2.288269148756179663e-02
2.089697238208035324e-02
1.692374989857563933e-02
2.229747381988348570e-02
2.963721462255915901e-02
2.095489698694404795e-02
2.482493204095247846e-02
2.072960556215624334e-02
2.211721651457321247e-02
2.793040267724004183e-02
2.306294879287206986e-02
2.152179983050361498e-02
1.848886485420047493e-02
2.468845185644872806e-02
1.841030927456041924e-02
2.587919451641012072e-02
1.991005391103267685e-02
2.155300514000852569e-02
2.226842008140115375e-02
2.122088553649490242e-02
1.925433982718905909e-02
2.555318178478051955e-02
2.234697566104120944e-02
2.116863039323477191e-02
2.456780470050966281e-02
2.184555850341879032e-02
2.785256640388902860e-02
2.430466016123901396e-02
2.229747381988348570e-02
2.078753016701994152e-02
2.392753456347316773e-02
2.072960556215624334e-02
2.926008902479331278e-02
1.841030927456041924e-02
2.228727480349219914e-02
2.152179983050361498e-02
2.208383112177056060e-02
2.377383417947697905e-02
2.072960556215624334e-02
2.484206153226711442e-02
3.112377399854393892e-02
2.303174348336715915e-02
2.436925086354657655e-02
2.341351746932383154e-02
2.443132451600591240e-02
2.528377783234052323e-02
2.325981708532764286e-02
2.027351307287060533e-02
2.444780644318663224e-02
1.991005391103267685e-02
1.962472946395033696e-02
2.451830285935193907e-02
2.379721845635574332e-02
1.989119918894163147e-02
2.436925086354657655e-02
2.540386679784135612e-02
2.519227512306159225e-02
2.300502418800837168e-02
2.438321574087906965e-02
2.395091884035193200e-02
2.252554742184396941e-02
2.081091444389870579e-02
2.451830285935193907e-02
2.006644576402374577e-02
2.244097518748838782e-02
1.996975476858168716e-02
2.229747381988348570e-02
2.152179983050361498e-02
2.771608621938527819e-02
2.587919451641012072e-02
2.492061711190717010e-02
2.228727480349219914e-02
2.111128883993511687e-02
2.938242172523988782e-02
2.446037825448824435e-02
3.017461599358725946e-02
2.295043460162469670e-02
2.149508053514483097e-02
2.385691931390475362e-02
1.973999562211369019e-02
2.659460945780275226e-02
3.015123171670849520e-02
3.077003267765685696e-02
2.072960556215624334e-02
2.237602939952354139e-02
2.244097518748838782e-02
2.377383417947697905e-02
3.022978729634855088e-02
2.111128883993511687e-02
1.692374989857563933e-02
2.118984441957517256e-02
1.946833761095926804e-02
1.881262352711565028e-02
2.522585322747682504e-02
2.327419327453987205e-02
2.549525717991682483e-02
1.841030927456041924e-02
2.234697566104120944e-02
2.444780644318663224e-02
2.149508053514483097e-02
2.270744491247968233e-02
2.300268974488482721e-02
2.605720808677464834e-02
2.468845185644872806e-02
2.379721845635574332e-02
3.015123171670849520e-02
2.308691478612845058e-02
2.229747381988348570e-02
2.377383417947697905e-02
2.288269148756179663e-02
2.103898804585918950e-02
2.306294879287206986e-02
2.157638941688728995e-02
2.490007684530861146e-02
2.398090148832383861e-02
2.300835920648839489e-02
2.537955361147301719e-02
2.379721845635574332e-02
2.072960556215624334e-02
2.372043912940100321e-02
2.063113831402887260e-02
2.157638941688728995e-02
2.308691478612845058e-02
2.221049547653745904e-02
1.840463981295685156e-02
2.288269148756179663e-02
2.536233341198057892e-02
2.006644576402374577e-02
2.078753016701994152e-02
2.095489698694404795e-02
2.050547059510227435e-02
2.269978807243871674e-02
1.989119918894163147e-02
3.015123171670849520e-02
2.787247807237634711e-02
2.234697566104120944e-02
2.795378695411880610e-02
3.112377399854393892e-02
2.446037825448824435e-02
3.171919068261353641e-02
2.777401082424897291e-02
2.511371954342153656e-02
2.057321370916517789e-02
2.249434211233905870e-02
2.528377783234052323e-02
2.448924912086960712e-02
2.059727174578578068e-02
3.225659205364163340e-02
2.183862802849544094e-02
2.444780644318663224e-02
2.122655499809847010e-02
2.325981708532764286e-02
2.078753016701994152e-02
2.793040267724004183e-02
2.244097518748838782e-02
2.607774835337320699e-02
2.122088553649490242e-02
2.667316503744280448e-02
2.385238975911703474e-02
2.228727480349219914e-02
2.229747381988348570e-02
2.078186070541637384e-02
2.439263514042534081e-02
2.335550215628233450e-02
2.228727480349219914e-02
2.793040267724004183e-02
1.917578424754900340e-02
2.554034698234510653e-02
2.335550215628233450e-02
2.528377783234052323e-02
2.170214784399168706e-02
2.385523376939724036e-02
2.103898804585918950e-02
2.152179983050361498e-02
2.628745144826419300e-02
2.300502418800837168e-02
2.341067345904362593e-02
2.884502035421179084e-02
2.451263339774837138e-02
2.511371954342153656e-02
1.989119918894163147e-02
2.392753456347316773e-02
2.139661328701745677e-02
2.139661328701745677e-02
3.112377399854393892e-02
2.474637646131242277e-02
2.963721462255915901e-02
2.546179140270505084e-02
2.377836373426470140e-02
2.333211787940357024e-02
2.216238670141061629e-02
2.306294879287206986e-02
2.540386679784135612e-02
2.510805008181796888e-02
2.149508053514483097e-02
2.448924912086960712e-02
2.314150437251212555e-02
2.327419327453987205e-02
2.228727480349219914e-02
2.070969389366892829e-02
3.015123171670849520e-02
2.163156071964858138e-02
2.006644576402374577e-02
2.303174348336715915e-02
2.152179983050361498e-02
2.451263339774837138e-02
2.133868868215375858e-02
2.237602939952354139e-02
2.379721845635574332e-02
2.325981708532764286e-02
2.771608621938527819e-02
2.081091444389870579e-02
2.385238975911703474e-02
2.528377783234052323e-02
2.537955361147301719e-02
2.354585128569429420e-02
2.398090148832383861e-02
2.111128883993511687e-02
2.234697566104120944e-02
2.444780644318663224e-02
2.605720808677464834e-02
2.484206153226711442e-02
2.288269148756179663e-02
2.229180435827991802e-02
2.405945706796389430e-02
2.465487375203349180e-02
2.360377589055799238e-02
3.166117536957203937e-02
2.155300514000852569e-02
2.341351746932383154e-02
1.930097079103516161e-02
2.341351746932383154e-02
2.270744491247968233e-02
2.379721845635574332e-02
2.103898804585918950e-02
2.199202997108705426e-02
2.490007684530861146e-02
2.155300514000852569e-02
2.448924912086960712e-02
3.023263130662875650e-02
2.260410300148402510e-02
2.522585322747682504e-02
2.078753016701994152e-02
2.170214784399168706e-02
2.582126991154642254e-02
2.155300514000852569e-02
2.793040267724004183e-02
1.768922487156422349e-02
2.147516886665751246e-02
2.607774835337320699e-02
2.456780470050966281e-02
3.120232957818399461e-02
3.173973094921209159e-02
2.229747381988348570e-02
2.360377589055799238e-02
2.262123249279866105e-02
1.989119918894163147e-02
1.991005391103267685e-02
1.930097079103516161e-02
2.741638558309070564e-02
2.139661328701745677e-02
2.451830285935193907e-02
3.225659205364163340e-02
2.644384330125526192e-02
2.431132625868288183e-02
2.059727174578578068e-02
3.106584939368024420e-02
2.522585322747682504e-02
2.436925086354657655e-02
2.474637646131242277e-02
2.405945706796389430e-02
2.362716016743675665e-02
2.582126991154642254e-02
2.063113831402887260e-02
3.017461599358725946e-02
2.152179983050361498e-02
2.256330788793496633e-02
2.072960556215624334e-02
2.555318178478051955e-02
1.962472946395033696e-02
2.306294879287206986e-02
3.015123171670849520e-02
2.505579493855784184e-02
2.303174348336715915e-02
2.244097518748838782e-02
2.385691931390475362e-02
2.377383417947697905e-02
2.354585128569429420e-02
2.269978807243871674e-02
2.063113831402887260e-02
2.229180435827991802e-02
2.468845185644872806e-02
2.157638941688728995e-02
2.300835920648839489e-02
1.991005391103267685e-02
3.015123171670849520e-02
2.944034633010358601e-02
2.587919451641012072e-02
2.354585128569429420e-02
2.549525717991682483e-02
2.246762281698027469e-02
2.086608574665999721e-02
3.166117536957203937e-02
2.229747381988348570e-02
2.446037825448824435e-02
2.362716016743675665e-02
3.112377399854393892e-02
3.017461599358725946e-02
2.938242172523988782e-02
2.528377783234052323e-02
3.166117536957203937e-02
2.199202997108705426e-02
2.468845185644872806e-02
2.405945706796389430e-02
2.006644576402374577e-02
2.831150290345487569e-02
2.667316503744280448e-02
2.508466580493920461e-02
1.835238466969672452e-02
2.229747381988348570e-02
2.078753016701994152e-02
2.175440298725181756e-02
2.006644576402374577e-02
2.226842008140115375e-02
1.692374989857563933e-02
2.406662240879573963e-02
2.333211787940357024e-02
1.930097079103516161e-02
3.166117536957203937e-02
2.211202822841008483e-02
2.229747381988348570e-02
2.459685843899199476e-02
2.256330788793496633e-02
2.157638941688728995e-02
2.377383417947697905e-02
2.392297688346014042e-02
2.492061711190717010e-02
2.300835920648839489e-02
3.173973094921209159e-02
2.659460945780275226e-02
1.768922487156422349e-02
2.519227512306159225e-02
1.925433982718905909e-02
2.262123249279866105e-02
2.362716016743675665e-02
2.072960556215624334e-02
2.398090148832383861e-02
1.840463981295685156e-02
2.300835920648839489e-02
2.155300514000852569e-02
2.078753016701994152e-02
2.078186070541637384e-02
1.768922487156422349e-02
2.362716016743675665e-02
2.771608621938527819e-02
2.162886925065370114e-02
1.867614334261189987e-02
2.300835920648839489e-02
2.431132625868288183e-02
2.078753016701994152e-02
2.443132451600591240e-02
2.554034698234510653e-02
2.095489698694404795e-02
3.077003267765685696e-02
2.184555850341879032e-02
2.543747821633671191e-02
1.989119918894163147e-02
2.095489698694404795e-02
2.360377589055799238e-02
2.157638941688728995e-02
2.314150437251212555e-02
2.866467234072371528e-02
2.436925086354657655e-02
2.599919277373315477e-02
2.385691931390475362e-02
2.448924912086960712e-02
2.072960556215624334e-02
2.078753016701994152e-02
2.385523376939724036e-02
2.081091444389870579e-02
2.398090148832383861e-02
3.074664840077809269e-02
2.027351307287060533e-02
2.537955361147301719e-02
2.262123249279866105e-02
2.508466580493920461e-02
2.379721845635574332e-02
2.063113831402887260e-02
2.027351307287060533e-02
2.424673555637531577e-02
2.436925086354657655e-02
2.528377783234052323e-02
2.386960995860946955e-02
2.163156071964858138e-02
2.211721651457321247e-02
1.946833761095926804e-02
2.300268974488482721e-02
2.377836373426470140e-02
2.325981708532764286e-02
2.379721845635574332e-02
2.226842008140115375e-02
2.095489698694404795e-02
1.991005391103267685e-02
2.368233147019804807e-02
2.793040267724004183e-02
1.930097079103516161e-02
2.162886925065370114e-02
1.841030927456041924e-02
2.176007244885538525e-02
2.308975879640865619e-02
2.831150290345487569e-02
3.219866744877793868e-02
2.438321574087906965e-02
3.015123171670849520e-02
2.439263514042534081e-02
1.930097079103516161e-02
2.176007244885538525e-02
2.027351307287060533e-02
2.459685843899199476e-02
2.836942750831857041e-02
3.173973094921209159e-02
2.392297688346014042e-02
2.333211787940357024e-02
2.300502418800837168e-02
2.599919277373315477e-02
2.308691478612845058e-02
2.451830285935193907e-02
1.973999562211369019e-02
1.692374989857563933e-02
2.549525717991682483e-02
2.211202822841008483e-02
2.306294879287206986e-02
2.228727480349219914e-02
2.205410362354638665e-02
2.303174348336715915e-02
2.379721845635574332e-02
2.444780644318663224e-02
1.692374989857563933e-02
2.089697238208035324e-02
2.103345256658410364e-02
2.605720808677464834e-02
2.325981708532764286e-02
1.962472946395033696e-02
1.991005391103267685e-02
2.536233341198057892e-02
2.385238975911703474e-02
2.800895825688009752e-02
2.377836373426470140e-02
3.166117536957203937e-02
1.962472946395033696e-02
3.017461599358725946e-02
2.059727174578578068e-02
2.522585322747682504e-02
2.228727480349219914e-02
2.300835920648839489e-02
1.983327458407793675e-02
2.528377783234052323e-02
1.835238466969672452e-02
2.072960556215624334e-02
2.300835920648839489e-02
2.155300514000852569e-02
2.223954921501979098e-02
2.605720808677464834e-02
1.930097079103516161e-02
2.246762281698027469e-02
1.925433982718905909e-02
2.063113831402887260e-02
2.027351307287060533e-02
2.605720808677464834e-02
2.430466016123901396e-02
1.724750857149081468e-02
2.300268974488482721e-02
2.229180435827991802e-02
2.050547059510227435e-02
3.173973094921209159e-02
2.184555850341879032e-02
2.385691931390475362e-02
2.866467234072371528e-02
2.741638558309070564e-02
2.377836373426470140e-02
1.692374989857563933e-02
2.607774835337320699e-02
2.448924912086960712e-02
2.595775009605017641e-02
2.072960556215624334e-02
2.155300514000852569e-02
2.078753016701994152e-02
2.300835920648839489e-02
2.385238975911703474e-02
2.081091444389870579e-02
2.459685843899199476e-02
2.103345256658410364e-02
2.439263514042534081e-02
3.106584939368024420e-02
2.793040267724004183e-02
2.536233341198057892e-02
2.333211787940357024e-02
2.163156071964858138e-02
2.221049547653745904e-02
2.300268974488482721e-02
1.841030927456041924e-02
2.226842008140115375e-02
2.072960556215624334e-02
2.439263514042534081e-02
2.295043460162469670e-02
2.457631817239343611e-02
3.179774626225358863e-02
2.229747381988348570e-02
1.989119918894163147e-02
2.221049547653745904e-02
2.237602939952354139e-02
1.873406794747559459e-02
2.528377783234052323e-02
2.070969389366892829e-02
1.911785964268530869e-02
2.511371954342153656e-02
2.246762281698027469e-02
2.229747381988348570e-02
2.221049547653745904e-02
2.528377783234052323e-02
2.787247807237634711e-02
1.724750857149081468e-02
2.938242172523988782e-02
2.360377589055799238e-02
2.228727480349219914e-02
2.184555850341879032e-02
2.362716016743675665e-02
1.841030927456041924e-02
2.246762281698027469e-02
2.511371954342153656e-02
2.229747381988348570e-02
2.478413692740341970e-02
2.436925086354657655e-02
2.205410362354638665e-02
2.111128883993511687e-02
1.911785964268530869e-02
2.457631817239343611e-02
2.155300514000852569e-02
2.362716016743675665e-02
2.237602939952354139e-02
2.439263514042534081e-02
2.300835920648839489e-02
2.184555850341879032e-02
3.173973094921209159e-02
2.226842008140115375e-02
2.555318178478051955e-02
1.692374989857563933e-02
2.130511057773852579e-02
3.225659205364163340e-02
3.022978729634855088e-02
2.300268974488482721e-02
2.444780644318663224e-02
2.431132625868288183e-02
2.155300514000852569e-02
2.078753016701994152e-02
2.327419327453987205e-02
2.229747381988348570e-02
1.962472946395033696e-02
1.962472946395033696e-02
2.216238670141061629e-02
2.554034698234510653e-02
2.314150437251212555e-02
2.359810642895442470e-02
2.078753016701994152e-02
2.205410362354638665e-02
1.962472946395033696e-02
2.397523202672027093e-02
2.793040267724004183e-02
2.256330788793496633e-02
2.379721845635574332e-02
2.484206153226711442e-02
2.111128883993511687e-02
2.130511057773852579e-02
1.848886485420047493e-02
2.228727480349219914e-02
2.446037825448824435e-02
2.444780644318663224e-02
2.226842008140115375e-02
2.262123249279866105e-02
2.448924912086960712e-02
2.395091884035193200e-02
3.166117536957203937e-02
2.451839356752973792e-02
2.362716016743675665e-02
2.482493204095247846e-02
1.973999562211369019e-02
2.379721845635574332e-02
1.768922487156422349e-02
2.295043460162469670e-02
2.510805008181796888e-02
2.303174348336715915e-02
2.406662240879573963e-02
2.371590957461328433e-02
1.930097079103516161e-02
2.474637646131242277e-02
2.149238906614994726e-02
2.511371954342153656e-02
2.229747381988348570e-02
2.081091444389870579e-02
2.457631817239343611e-02
2.377383417947697905e-02
2.163156071964858138e-02
2.314150437251212555e-02
2.542034872502207596e-02
2.430466016123901396e-02
2.006644576402374577e-02
2.157638941688728995e-02
2.306294879287206986e-02
2.795378695411880610e-02
2.118984441957517256e-02
2.474637646131242277e-02
2.362716016743675665e-02
2.333211787940357024e-02
2.237602939952354139e-02
2.536233341198057892e-02
2.587919451641012072e-02
2.741638558309070564e-02
2.587919451641012072e-02
2.443132451600591240e-02
2.456780470050966281e-02
2.594126816886945658e-02
2.228727480349219914e-02
2.484215224044491327e-02
2.335550215628233450e-02
2.130511057773852579e-02
2.229747381988348570e-02
2.451830285935193907e-02
2.139661328701745677e-02
1.867614334261189987e-02
2.081091444389870579e-02
2.176007244885538525e-02
3.017461599358725946e-02
2.157638941688728995e-02
2.157638941688728995e-02
2.451830285935193907e-02
2.484206153226711442e-02
3.022978729634855088e-02
2.528377783234052323e-02
1.911785964268530869e-02
2.938242172523988782e-02
2.211721651457321247e-02
2.211202822841008483e-02
2.175440298725181756e-02
2.787247807237634711e-02
2.228727480349219914e-02
2.111128883993511687e-02
2.446037825448824435e-02
2.228727480349219914e-02
1.925433982718905909e-02
2.371590957461328433e-02
2.335550215628233450e-02
2.395091884035193200e-02
2.300502418800837168e-02
1.962472946395033696e-02
2.089697238208035324e-02
1.841030927456041924e-02
1.911785964268530869e-02
2.371590957461328433e-02
2.072960556215624334e-02
2.324096236323659748e-02
2.223954921501979098e-02
2.516322138457926030e-02
2.163156071964858138e-02
2.795378695411880610e-02
2.484206153226711442e-02
2.528377783234052323e-02
2.300835920648839489e-02
2.451263339774837138e-02
2.362716016743675665e-02
1.962472946395033696e-02
1.930097079103516161e-02
2.446037825448824435e-02
2.086608574665999721e-02
1.692374989857563933e-02
2.398090148832383861e-02
2.260410300148402510e-02
2.229747381988348570e-02
2.866467234072371528e-02
2.300835920648839489e-02
2.944034633010358601e-02
2.944034633010358601e-02
2.800895825688009752e-02
1.917578424754900340e-02
2.628745144826419300e-02
2.081091444389870579e-02
2.260410300148402510e-02
2.228727480349219914e-02
2.113467311681388114e-02
2.448924912086960712e-02
2.211202822841008483e-02
2.371590957461328433e-02
2.371590957461328433e-02
2.295043460162469670e-02
1.724750857149081468e-02
2.006644576402374577e-02
2.443132451600591240e-02
2.113467311681388114e-02
2.086608574665999721e-02
2.451263339774837138e-02
2.431132625868288183e-02
2.335550215628233450e-02
2.070969389366892829e-02
2.482493204095247846e-02
3.166117536957203937e-02
2.459685843899199476e-02
1.962472946395033696e-02
2.152179983050361498e-02
3.074664840077809269e-02
2.249434211233905870e-02
2.542034872502207596e-02
2.006644576402374577e-02
2.405945706796389430e-02
2.484206153226711442e-02
2.223954921501979098e-02
3.166117536957203937e-02
2.228727480349219914e-02
2.155300514000852569e-02
2.436925086354657655e-02
2.252554742184396941e-02
2.398090148832383861e-02
2.157638941688728995e-02
3.022978729634855088e-02
1.768922487156422349e-02
2.303174348336715915e-02
2.536233341198057892e-02
2.482493204095247846e-02
2.448924912086960712e-02
2.300502418800837168e-02
2.333211787940357024e-02
2.207058555072710995e-02
