2.667349594191319173e-02
2.087535981390872819e-02
2.614106186577282165e-02
2.133244742001964150e-02
2.622147755625807430e-02
2.492584541952816424e-02
2.020583278151812795e-02
2.888055192811728178e-02
2.213742862668558950e-02
2.667349594191319173e-02
1.601295861973922249e-02
2.204337778775451728e-02
2.010808378481027461e-02
1.754087379647996381e-02
2.083072025445711212e-02
2.281866176098814453e-02
2.213876990823251262e-02
2.437804793684272830e-02
2.501695753477985867e-02
1.808164742115691420e-02
2.235493727342107578e-02
2.213876990823251262e-02
1.834017242668434244e-02
2.416226754820650219e-02
2.011178194258705920e-02
1.880003413103487758e-02
2.622147755625807430e-02
1.884892345025536431e-02
2.942502371057101329e-02
2.151061210721275097e-02
1.884892345025536431e-02
2.605775565793891357e-02
2.159097242554706975e-02
2.474970600416352001e-02
2.239065803230378543e-02
1.551737615650597944e-02
2.289940905587480729e-02
2.079167379534269111e-02
2.159135940209940679e-02
2.470833677279268142e-02
2.213742862668558950e-02
2.347904160441403182e-02
2.104688761964567528e-02
2.492584541952816424e-02
2.235493727342107578e-02
2.546897592043497610e-02
2.482931405422063656e-02
2.704339389843322256e-02
2.560573727228380309e-02
2.335142744152991778e-02
2.133244742001964150e-02
2.519447008439293367e-02
2.517773354359943705e-02
2.167171972043373251e-02
2.660222744039264509e-02
1.677359776738151370e-02
1.808164742115691420e-02
2.614106186577282165e-02
2.299290829281378651e-02
1.800090012627025490e-02
1.763492463541103603e-02
2.537786380518328166e-02
2.235493727342107578e-02
2.196263049286786145e-02
2.614106186577282165e-02
1.763492463541103603e-02
2.104688761964567528e-02
2.461428593386161268e-02
2.078797563756590999e-02
3.019154747139225770e-02
2.731201856329799199e-02
2.002439776624424100e-02
2.614106186577282165e-02
2.482931405422063656e-02
1.754087379647996381e-02
2.425631838713756400e-02
2.501695753477985867e-02
1.861664041024452959e-02
2.024720201288896654e-02
2.280951457202343852e-02
3.019154747139225770e-02
2.560573727228380309e-02
1.763492463541103603e-02
2.078797563756590999e-02
2.622147755625807430e-02
2.284267641795889592e-02
3.019154747139225770e-02
2.091108057279143784e-02
2.537378583667436807e-02
2.024720201288896654e-02
2.676594933871180582e-02
2.416226754820650219e-02
2.482931405422063656e-02
2.541358456406599131e-02
2.842853354246216435e-02
2.168541024103047554e-02
2.547031720198189575e-02
2.704339389843322256e-02
2.213742862668558950e-02
2.614106186577282165e-02
2.369815608408708946e-02
2.493621023989320284e-02
2.429768761850840258e-02
1.678023464883767607e-02
2.079167379534269111e-02
2.082369639644861964e-02
2.749541228408833998e-02
2.807399899248719938e-02
2.274748633419829136e-02
2.281866176098814453e-02
2.222563226371533293e-02
2.817530413684397189e-02
2.492450413798124459e-02
2.615020905473753460e-02
1.601295861973922249e-02
2.686000017764287456e-02
2.010808378481027461e-02
2.274748633419829136e-02
2.284267641795889592e-02
1.753717563870318269e-02
1.746012650159330798e-02
2.852601737814231680e-02
2.607903362794767449e-02
2.209972344911809161e-02
2.213876990823251262e-02
2.617422371170828599e-02
1.669285047249485787e-02
2.271546373309236283e-02
1.956731016013332769e-02
2.204337778775451728e-02
2.807399899248719938e-02
2.280951457202343852e-02
2.141983159636245970e-02
2.607903362794767449e-02
2.239065803230378543e-02
1.669285047249485787e-02
1.956786176212541722e-02
2.756524796891618445e-02
2.011178194258705920e-02
1.746012650159330798e-02
2.361779576575277068e-02
1.420932650273058241e-02
1.947992598379051296e-02
2.082369639644861964e-02
1.732100827351461952e-02
2.660222744039264509e-02
1.808164742115691420e-02
1.880003413103487758e-02
2.537378583667436807e-02
2.942502371057101329e-02
2.874513185781537444e-02
2.347535183744237086e-02
2.010808378481027461e-02
2.564145803116651273e-02
2.731201856329799199e-02
2.517773354359943705e-02
2.842853354246216435e-02
2.344999589892469635e-02
2.284267641795889592e-02
3.019154747139225770e-02
1.880003413103487758e-02
2.615020905473753460e-02
1.825981210835002366e-02
1.551737615650597944e-02
2.151061210721275097e-02
2.011178194258705920e-02
2.942502371057101329e-02
2.388642043061753317e-02
1.420932650273058241e-02
1.420932650273058241e-02
2.425631838713756400e-02
1.699640201402623924e-02
1.943855675241967437e-02
2.167171972043373251e-02
2.660222744039264509e-02
2.817530413684397189e-02
2.731201856329799199e-02
1.551737615650597944e-02
2.001988014778053465e-02
2.088572463427376680e-02
2.553456184549394645e-02
2.496156617841087388e-02
2.829311347216026395e-02
3.064356585704737512e-02
2.607903362794767449e-02
1.880003413103487758e-02
2.820066007536164293e-02
2.592233558763701318e-02
2.798154559568858529e-02
2.592233558763701318e-02
2.798154559568858529e-02
1.956731016013332769e-02
2.213742862668558950e-02
2.421727192802314993e-02
2.484215940096213410e-02
2.592233558763701318e-02
2.559659008331909014e-02
2.798154559568858529e-02
2.667349594191319173e-02
2.351476236329674147e-02
1.956731016013332769e-02
2.002439776624424100e-02
2.547031720198189575e-02
2.704339389843322256e-02
2.196263049286786145e-02
2.461428593386161268e-02
2.159097242554706975e-02
2.667349594191319173e-02
2.361077190774427473e-02
2.235493727342107578e-02
3.080434186586695350e-02
2.415524369019800624e-02
1.808828430261306963e-02
2.369815608408708946e-02
2.014380454369298426e-02
2.425631838713756400e-02
2.622147755625807430e-02
2.002439776624424100e-02
1.754087379647996381e-02
2.888055192811728178e-02
1.686764860631258245e-02
1.830445166780163280e-02
2.470833677279268142e-02
2.277010404616906444e-02
2.155525166666436010e-02
2.271546373309236283e-02
2.091108057279143784e-02
2.820066007536164293e-02
2.852601737814231680e-02
1.947992598379051296e-02
2.630183787459240002e-02
1.344205047363213057e-02
2.140371592154018468e-02
2.284267641795889592e-02
2.213742862668558950e-02
1.475010012740752760e-02
2.083072025445711212e-02
2.474970600416352001e-02
2.091108057279143784e-02
3.035232348021183607e-02
2.942502371057101329e-02
2.874513185781537444e-02
2.798154559568858529e-02
1.956731016013332769e-02
2.155525166666436010e-02
2.151061210721275097e-02
2.496156617841087388e-02
2.801726635457129494e-02
1.861664041024452959e-02
2.090444369133527894e-02
2.133244742001964150e-02
2.042200014670669111e-02
2.546897592043497610e-02
2.429768761850840258e-02
2.001988014778053465e-02
2.196263049286786145e-02
2.676594933871180582e-02
2.842853354246216435e-02
2.361077190774427473e-02
2.235493727342107578e-02
2.087535981390872819e-02
2.280695565907618627e-02
2.290552411647096484e-02
2.529417778661724459e-02
1.746012650159330798e-02
1.992469006401992662e-02
2.474245169873781625e-02
2.343440204496242268e-02
1.880003413103487758e-02
1.830445166780163280e-02
1.808828430261306963e-02
2.686000017764287456e-02
2.020583278151812795e-02
2.605775565793891357e-02
2.807399899248719938e-02
1.861664041024452959e-02
1.678023464883767607e-02
2.605775565793891357e-02
1.834017242668434244e-02
1.757289639758589234e-02
2.605775565793891357e-02
2.343440204496242268e-02
1.475010012740752760e-02
3.134881364832067807e-02
1.871183049400513415e-02
2.281866176098814453e-02
2.284267641795889592e-02
1.880003413103487758e-02
2.082369639644861964e-02
2.492251971929645982e-02
2.630183787459240002e-02
2.196263049286786145e-02
2.572220532605316856e-02
1.732100827351461952e-02
2.424262786654082097e-02
2.271546373309236283e-02
2.271176557531558171e-02
2.772328575118885446e-02
2.343440204496242268e-02
2.091108057279143784e-02
2.964707568893852618e-02
2.104688761964567528e-02
2.829311347216026395e-02
2.343440204496242268e-02
2.615020905473753460e-02
2.204337778775451728e-02
1.763492463541103603e-02
2.194818770399391272e-02
3.064356585704737512e-02
2.437804793684272830e-02
2.447248575232612716e-02
2.529417778661724459e-02
2.501695753477985867e-02
2.541358456406599131e-02
2.482931405422063656e-02
2.429768761850840258e-02
2.082369639644861964e-02
2.421727192802314993e-02
1.938391643934297970e-02
2.774864168970653244e-02
1.800090012627025490e-02
2.842853354246216435e-02
2.482931405422063656e-02
2.416226754820650219e-02
2.351476236329674147e-02
2.807399899248719938e-02
2.235493727342107578e-02
1.420932650273058241e-02
2.274748633419829136e-02
2.676594933871180582e-02
2.325623735776930975e-02
2.347904160441403182e-02
2.024720201288896654e-02
2.964707568893852618e-02
1.475010012740752760e-02
2.474970600416352001e-02
2.492450413798124459e-02
1.699640201402623924e-02
2.553456184549394645e-02
2.756524796891618445e-02
2.014380454369298426e-02
2.547031720198189575e-02
1.871183049400513415e-02
1.746012650159330798e-02
1.880003413103487758e-02
1.677359776738151370e-02
2.807399899248719938e-02
2.277010404616906444e-02
2.281866176098814453e-02
1.947992598379051296e-02
2.517773354359943705e-02
2.079167379534269111e-02
2.492450413798124459e-02
2.749541228408833998e-02
2.482931405422063656e-02
2.564145803116651273e-02
1.830445166780163280e-02
2.011178194258705920e-02
2.752952721003347480e-02
2.327068014664326195e-02
2.660222744039264509e-02
2.942502371057101329e-02
2.772328575118885446e-02
3.009909407459364361e-02
2.798154559568858529e-02
2.290552411647096484e-02
2.235493727342107578e-02
2.560573727228380309e-02
1.808828430261306963e-02
2.259078829388762311e-02
1.344205047363213057e-02
2.461428593386161268e-02
2.492584541952816424e-02
1.677359776738151370e-02
2.159135940209940679e-02
1.732100827351461952e-02
1.934450591348860909e-02
2.537378583667436807e-02
2.607903362794767449e-02
2.271176557531558171e-02
2.622147755625807430e-02
2.829311347216026395e-02
2.874513185781537444e-02
1.800090012627025490e-02
2.082369639644861964e-02
2.149890600530079271e-02
2.437804793684272830e-02
2.347535183744237086e-02
1.884892345025536431e-02
2.293088005498863935e-02
2.280951457202343852e-02
1.934450591348860909e-02
2.888055192811728178e-02
2.415524369019800624e-02
2.151061210721275097e-02
2.560573727228380309e-02
2.559659008331909014e-02
2.942502371057101329e-02
2.001988014778053465e-02
1.800090012627025490e-02
2.104688761964567528e-02
2.562975192925455448e-02
2.605775565793891357e-02
2.353738007526751802e-02
1.420932650273058241e-02
2.614106186577282165e-02
2.069196609311838020e-02
2.676594933871180582e-02
2.492251971929645982e-02
2.042200014670669111e-02
1.943855675241967437e-02
2.271546373309236283e-02
1.880003413103487758e-02
2.501695753477985867e-02
2.159135940209940679e-02
2.519447008439293367e-02
1.601295861973922249e-02
2.572220532605316856e-02
2.667349594191319173e-02
2.159135940209940679e-02
2.078797563756590999e-02
2.803988406654207149e-02
2.474245169873781625e-02
2.667349594191319173e-02
2.271546373309236283e-02
3.019154747139225770e-02
2.168541024103047554e-02
2.024720201288896654e-02
1.934450591348860909e-02
2.415524369019800624e-02
3.009909407459364361e-02
2.087535981390872819e-02
2.474970600416352001e-02
2.803988406654207149e-02
2.069196609311838020e-02
2.807399899248719938e-02
2.194818770399391272e-02
2.361779576575277068e-02
2.564145803116651273e-02
2.752952721003347480e-02
2.801726635457129494e-02
2.874513185781537444e-02
1.934450591348860909e-02
2.538822862554832027e-02
2.289940905587480729e-02
2.617422371170828599e-02
2.209972344911809161e-02
2.852601737814231680e-02
2.042200014670669111e-02
2.667349594191319173e-02
2.686000017764287456e-02
1.601295861973922249e-02
2.010808378481027461e-02
2.474245169873781625e-02
1.669285047249485787e-02
2.564145803116651273e-02
2.112724793798000100e-02
2.842853354246216435e-02
2.239065803230378543e-02
2.065255556726400613e-02
2.347535183744237086e-02
2.280695565907618627e-02
2.361779576575277068e-02
2.572220532605316856e-02
2.852601737814231680e-02
1.876817615536870848e-02
1.876817615536870848e-02
2.091108057279143784e-02
2.083072025445711212e-02
2.605775565793891357e-02
2.492251971929645982e-02
2.024720201288896654e-02
1.746012650159330798e-02
2.001988014778053465e-02
2.615020905473753460e-02
2.942502371057101329e-02
2.325623735776930975e-02
1.475010012740752760e-02
1.938391643934297970e-02
1.475010012740752760e-02
2.239065803230378543e-02
1.934450591348860909e-02
2.415524369019800624e-02
2.133244742001964150e-02
1.938391643934297970e-02
2.842853354246216435e-02
2.001988014778053465e-02
2.415524369019800624e-02
2.078797563756590999e-02
2.492584541952816424e-02
1.861664041024452959e-02
2.367280014556941842e-02
2.547031720198189575e-02
2.289940905587480729e-02
2.562975192925455448e-02
1.808164742115691420e-02
2.537378583667436807e-02
2.605775565793891357e-02
1.871183049400513415e-02
2.474970600416352001e-02
2.686000017764287456e-02
2.529417778661724459e-02
1.947992598379051296e-02
2.492450413798124459e-02
2.617422371170828599e-02
3.035232348021183607e-02
3.035232348021183607e-02
2.335142744152991778e-02
1.825981210835002366e-02
2.493621023989320284e-02
2.335142744152991778e-02
2.042200014670669111e-02
2.140371592154018468e-02
2.560573727228380309e-02
2.347904160441403182e-02
1.757289639758589234e-02
2.347535183744237086e-02
2.964707568893852618e-02
2.019919590006196905e-02
2.421727192802314993e-02
2.091108057279143784e-02
2.820066007536164293e-02
1.732100827351461952e-02
2.082369639644861964e-02
1.943855675241967437e-02
2.447248575232612716e-02
2.069196609311838020e-02
1.420932650273058241e-02
2.609347641682162322e-02
1.830445166780163280e-02
2.482931405422063656e-02
2.415524369019800624e-02
3.080434186586695350e-02
2.546897592043497610e-02
2.605775565793891357e-02
2.546897592043497610e-02
2.607903362794767449e-02
2.492251971929645982e-02
2.011844860517531322e-02
2.437804793684272830e-02
2.562975192925455448e-02
3.064356585704737512e-02
2.803988406654207149e-02
2.281866176098814453e-02
2.277010404616906444e-02
2.807399899248719938e-02
2.546897592043497610e-02
2.217099195063863826e-02
2.617422371170828599e-02
2.079167379534269111e-02
2.194818770399391272e-02
2.088572463427376680e-02
2.019919590006196905e-02
2.293088005498863935e-02
2.667349594191319173e-02
2.151061210721275097e-02
2.277010404616906444e-02
2.559659008331909014e-02
2.213742862668558950e-02
2.361779576575277068e-02
2.492584541952816424e-02
1.420932650273058241e-02
2.667349594191319173e-02
2.019919590006196905e-02
2.964707568893852618e-02
2.019919590006196905e-02
2.281866176098814453e-02
2.078797563756590999e-02
2.289940905587480729e-02
2.347904160441403182e-02
2.560573727228380309e-02
2.209972344911809161e-02
2.614106186577282165e-02
2.559659008331909014e-02
2.271176557531558171e-02
1.808828430261306963e-02
2.546897592043497610e-02
2.167171972043373251e-02
1.808164742115691420e-02
1.830445166780163280e-02
1.686764860631258245e-02
2.069196609311838020e-02
2.546897592043497610e-02
2.798154559568858529e-02
2.369815608408708946e-02
2.474245169873781625e-02
3.134881364832067807e-02
1.763492463541103603e-02
3.035232348021183607e-02
1.699640201402623924e-02
2.756524796891618445e-02
2.807399899248719938e-02
2.344999589892469635e-02
2.335142744152991778e-02
1.677359776738151370e-02
2.416226754820650219e-02
2.416226754820650219e-02
2.151061210721275097e-02
3.035232348021183607e-02
2.470833677279268142e-02
2.280695565907618627e-02
2.213876990823251262e-02
1.956786176212541722e-02
2.437804793684272830e-02
2.020583278151812795e-02
2.235493727342107578e-02
1.754087379647996381e-02
1.808828430261306963e-02
1.834017242668434244e-02
2.852601737814231680e-02
2.482931405422063656e-02
2.209972344911809161e-02
2.213876990823251262e-02
2.421727192802314993e-02
2.731201856329799199e-02
2.772328575118885446e-02
2.159097242554706975e-02
1.965472411760823754e-02
2.852601737814231680e-02
2.801726635457129494e-02
2.461428593386161268e-02
2.020583278151812795e-02
2.425631838713756400e-02
2.425631838713756400e-02
2.289940905587480729e-02
1.938391643934297970e-02
2.024720201288896654e-02
2.011178194258705920e-02
2.011844860517531322e-02
2.817530413684397189e-02
2.871977591929770340e-02
1.420932650273058241e-02
2.280695565907618627e-02
2.630183787459240002e-02
2.259078829388762311e-02
2.564145803116651273e-02
2.803988406654207149e-02
2.437804793684272830e-02
2.222563226371533293e-02
2.560573727228380309e-02
2.614106186577282165e-02
2.752952721003347480e-02
1.834017242668434244e-02
2.277010404616906444e-02
1.732100827351461952e-02
2.897300532491589586e-02
1.753717563870318269e-02
2.470833677279268142e-02
2.964707568893852618e-02
2.149890600530079271e-02
2.547031720198189575e-02
2.537786380518328166e-02
2.011844860517531322e-02
2.798154559568858529e-02
2.090444369133527894e-02
2.155525166666436010e-02
1.669285047249485787e-02
2.402351338686776333e-02
2.090444369133527894e-02
2.562975192925455448e-02
2.159135940209940679e-02
2.347535183744237086e-02
2.492584541952816424e-02
2.284267641795889592e-02
2.660222744039264509e-02
2.676594933871180582e-02
2.537786380518328166e-02
2.772328575118885446e-02
1.834017242668434244e-02
1.344205047363213057e-02
2.437804793684272830e-02
2.519447008439293367e-02
2.235493727342107578e-02
2.335142744152991778e-02
2.820066007536164293e-02
2.529417778661724459e-02
2.897300532491589586e-02
1.344205047363213057e-02
2.274748633419829136e-02
3.064356585704737512e-02
2.474245169873781625e-02
2.537786380518328166e-02
3.019154747139225770e-02
1.677359776738151370e-02
2.204337778775451728e-02
2.035997190888154743e-02
2.622147755625807430e-02
2.437804793684272830e-02
2.088572463427376680e-02
2.159135940209940679e-02
2.501695753477985867e-02
2.239065803230378543e-02
2.564145803116651273e-02
1.947992598379051296e-02
2.151061210721275097e-02
2.019919590006196905e-02
2.402351338686776333e-02
2.592233558763701318e-02
2.820066007536164293e-02
2.020583278151812795e-02
1.732100827351461952e-02
2.010808378481027461e-02
2.001988014778053465e-02
2.361077190774427473e-02
2.615020905473753460e-02
1.861664041024452959e-02
2.572220532605316856e-02
2.194818770399391272e-02
2.803988406654207149e-02
2.096647192916042263e-02
2.271176557531558171e-02
1.943855675241967437e-02
2.024720201288896654e-02
2.605775565793891357e-02
2.347904160441403182e-02
2.293088005498863935e-02
1.934450591348860909e-02
2.756524796891618445e-02
2.774864168970653244e-02
3.080434186586695350e-02
2.082369639644861964e-02
2.277010404616906444e-02
2.622147755625807430e-02
1.732100827351461952e-02
2.496156617841087388e-02
2.239065803230378543e-02
2.517773354359943705e-02
2.547031720198189575e-02
2.299290829281378651e-02
1.754087379647996381e-02
3.009909407459364361e-02
2.942502371057101329e-02
2.842853354246216435e-02
1.753717563870318269e-02
2.020583278151812795e-02
2.194818770399391272e-02
3.080434186586695350e-02
2.078797563756590999e-02
2.159097242554706975e-02
2.484215940096213410e-02
2.416226754820650219e-02
1.992469006401992662e-02
2.088572463427376680e-02
2.204223854292498494e-02
2.019919590006196905e-02
2.011178194258705920e-02
2.327068014664326195e-02
2.424262786654082097e-02
1.934450591348860909e-02
2.280695565907618627e-02
2.011844860517531322e-02
2.140371592154018468e-02
1.884892345025536431e-02
2.010808378481027461e-02
2.546897592043497610e-02
2.614106186577282165e-02
2.429768761850840258e-02
1.732100827351461952e-02
2.019919590006196905e-02
2.088572463427376680e-02
2.343440204496242268e-02
2.803988406654207149e-02
2.151061210721275097e-02
3.134881364832067807e-02
2.035997190888154743e-02
2.541358456406599131e-02
2.897300532491589586e-02
2.091108057279143784e-02
1.884892345025536431e-02
2.607903362794767449e-02
2.096647192916042263e-02
3.080434186586695350e-02
2.011844860517531322e-02
1.880003413103487758e-02
2.014380454369298426e-02
2.897300532491589586e-02
2.213742862668558950e-02
2.752952721003347480e-02
1.678023464883767607e-02
2.547031720198189575e-02
2.402351338686776333e-02
2.547031720198189575e-02
2.065255556726400613e-02
1.344205047363213057e-02
2.289940905587480729e-02
1.871183049400513415e-02
2.774864168970653244e-02
3.019154747139225770e-02
2.090444369133527894e-02
3.009909407459364361e-02
1.947992598379051296e-02
2.560573727228380309e-02
1.938391643934297970e-02
2.327068014664326195e-02
3.080434186586695350e-02
2.421727192802314993e-02
1.808164742115691420e-02
2.622147755625807430e-02
1.938391643934297970e-02
1.992469006401992662e-02
2.343440204496242268e-02
2.807399899248719938e-02
2.280951457202343852e-02
2.271176557531558171e-02
3.035232348021183607e-02
2.529417778661724459e-02
1.965472411760823754e-02
1.601295861973922249e-02
1.825981210835002366e-02
2.133244742001964150e-02
2.347904160441403182e-02
2.024720201288896654e-02
2.280695565907618627e-02
2.344999589892469635e-02
2.141983159636245970e-02
2.564145803116651273e-02
1.808828430261306963e-02
2.079167379534269111e-02
2.083072025445711212e-02
1.420932650273058241e-02
2.128273864011222954e-02
2.842853354246216435e-02
1.947992598379051296e-02
1.677359776738151370e-02
2.239065803230378543e-02
2.335142744152991778e-02
2.474970600416352001e-02
2.209972344911809161e-02
1.753717563870318269e-02
2.416226754820650219e-02
2.721796772436691630e-02
2.019919590006196905e-02
1.830445166780163280e-02
2.942502371057101329e-02
2.888055192811728178e-02
2.367280014556941842e-02
2.772328575118885446e-02
2.607903362794767449e-02
2.088572463427376680e-02
2.014380454369298426e-02
2.010808378481027461e-02
2.660222744039264509e-02
2.367280014556941842e-02
2.079167379534269111e-02
1.753717563870318269e-02
2.592233558763701318e-02
2.541358456406599131e-02
2.078797563756590999e-02
2.083072025445711212e-02
2.721796772436691630e-02
2.942502371057101329e-02
2.204337778775451728e-02
1.876817615536870848e-02
2.347904160441403182e-02
1.943855675241967437e-02
2.803988406654207149e-02
2.014380454369298426e-02
2.676594933871180582e-02
1.669285047249485787e-02
2.194818770399391272e-02
2.517773354359943705e-02
2.343440204496242268e-02
2.553456184549394645e-02
1.956786176212541722e-02
3.080434186586695350e-02
2.537786380518328166e-02
2.447248575232612716e-02
2.470833677279268142e-02
2.353738007526751802e-02
2.470833677279268142e-02
2.538822862554832027e-02
2.151061210721275097e-02
2.752952721003347480e-02
2.537378583667436807e-02
2.474970600416352001e-02
1.746012650159330798e-02
3.009909407459364361e-02
2.660222744039264509e-02
2.801726635457129494e-02
2.564145803116651273e-02
1.754087379647996381e-02
2.492450413798124459e-02
2.429768761850840258e-02
1.699640201402623924e-02
2.752952721003347480e-02
2.614106186577282165e-02
2.217099195063863826e-02
2.196263049286786145e-02
2.461428593386161268e-02
2.461428593386161268e-02
2.560573727228380309e-02
1.992469006401992662e-02
2.425631838713756400e-02
2.222563226371533293e-02
2.415524369019800624e-02
2.140371592154018468e-02
2.239065803230378543e-02
2.353738007526751802e-02
2.042200014670669111e-02
1.746012650159330798e-02
2.537378583667436807e-02
2.801726635457129494e-02
2.874513185781537444e-02
2.660222744039264509e-02
1.746012650159330798e-02
2.888055192811728178e-02
2.112724793798000100e-02
2.001988014778053465e-02
2.871977591929770340e-02
2.406981415140788116e-02
2.293088005498863935e-02
2.529417778661724459e-02
1.965472411760823754e-02
1.861664041024452959e-02
2.011178194258705920e-02
2.104688761964567528e-02
2.155525166666436010e-02
1.699640201402623924e-02
2.630183787459240002e-02
2.482931405422063656e-02
2.259078829388762311e-02
2.493621023989320284e-02
2.829311347216026395e-02
1.956786176212541722e-02
1.830445166780163280e-02
2.537786380518328166e-02
2.325623735776930975e-02
2.284267641795889592e-02
1.808164742115691420e-02
2.622147755625807430e-02
1.808828430261306963e-02
2.447248575232612716e-02
1.880003413103487758e-02
2.196263049286786145e-02
2.676594933871180582e-02
2.277010404616906444e-02
1.763492463541103603e-02
2.564145803116651273e-02
2.501695753477985867e-02
2.281866176098814453e-02
2.335142744152991778e-02
2.871977591929770340e-02
2.035997190888154743e-02
2.667349594191319173e-02
1.677359776738151370e-02
2.327068014664326195e-02
2.133244742001964150e-02
2.239065803230378543e-02
2.020583278151812795e-02
2.406981415140788116e-02
1.808164742115691420e-02
2.592233558763701318e-02
2.343440204496242268e-02
2.259078829388762311e-02
2.493621023989320284e-02
2.615020905473753460e-02
2.493621023989320284e-02
2.592233558763701318e-02
2.347904160441403182e-02
2.721796772436691630e-02
2.592233558763701318e-02
2.159097242554706975e-02
2.369815608408708946e-02
2.541358456406599131e-02
1.686764860631258245e-02
2.014380454369298426e-02
3.019154747139225770e-02
2.343440204496242268e-02
2.351476236329674147e-02
2.667349594191319173e-02
2.537786380518328166e-02
2.537378583667436807e-02
2.474245169873781625e-02
2.807399899248719938e-02
1.551737615650597944e-02
2.280951457202343852e-02
2.801726635457129494e-02
1.956731016013332769e-02
2.547031720198189575e-02
2.347535183744237086e-02
2.429768761850840258e-02
2.140371592154018468e-02
2.897300532491589586e-02
2.222563226371533293e-02
1.938391643934297970e-02
2.829311347216026395e-02
1.754087379647996381e-02
2.361077190774427473e-02
1.677359776738151370e-02
1.834017242668434244e-02
3.064356585704737512e-02
2.096647192916042263e-02
2.151061210721275097e-02
2.335142744152991778e-02
2.667349594191319173e-02
1.678023464883767607e-02
2.798154559568858529e-02
2.826775753364258598e-02
1.475010012740752760e-02
2.547031720198189575e-02
