3.117499527539462426e-02
2.878394283860869624e-02
3.311809572839139598e-02
2.560326906911143674e-02
2.912499996806268768e-02
2.664665324397696294e-02
3.447848200824221720e-02
2.702043106520389884e-02
2.321261960655776613e-02
3.030446188686267139e-02
2.946028708550569794e-02
2.497043575787195879e-02
2.258937104241313248e-02
3.331835991356098259e-02
3.185967300284497927e-02
2.931785342823877913e-02
2.570796650057329685e-02
2.410381504713247913e-02
3.307732861712843475e-02
3.142242233109756450e-02
2.611110194136437995e-02
3.117499527539462426e-02
3.311809572839139598e-02
2.864487509648056679e-02
3.199874074497311566e-02
3.185967300284497927e-02
3.487357102954329047e-02
2.417652232592413034e-02
2.486613135340524916e-02
2.916379570337025370e-02
2.834093210208741068e-02
3.082067336535651916e-02
2.116262429922582261e-02
2.820762442473315201e-02
2.594899779700583428e-02
3.278280861094838572e-02
2.820901896391653924e-02
2.594899779700583428e-02
2.370872602583141281e-02
3.029838684332804982e-02
2.566004478535307762e-02
2.713043109176121320e-02
2.594899779700583428e-02
3.067823970808960035e-02
3.034522899812563262e-02
2.780340942351943248e-02
3.142381687028095172e-02
3.195797363371015443e-02
2.701286190671038645e-02
2.990329782202698350e-02
2.405306021454242313e-02
3.042184895470975703e-02
2.614989767667194598e-02
2.726925266009022630e-02
2.981460899554380303e-02
2.824839153599610977e-02
3.087718826272044595e-02
2.526495576405201129e-02
2.424288278926061552e-02
3.091795537398340718e-02
2.892276440693771281e-02
2.239954846769493663e-02
2.837185364737781698e-02
2.610305552187436318e-02
3.067823970808960035e-02
2.790266280810171223e-02
2.829914636858616578e-02
2.570796650057329685e-02
3.087718826272044595e-02
2.706835278042411808e-02
2.258937104241313248e-02
2.995265811543365228e-02
3.028315068678853403e-02
2.824839153599610977e-02
3.278280861094838572e-02
2.736718381674849154e-02
3.121576238665758549e-02
3.038108184344679580e-02
2.926304908795253346e-02
2.697209479544742522e-02
2.941951997424273671e-02
3.082067336535651916e-02
3.185967300284497927e-02
3.443771489697926291e-02
2.611110194136437995e-02
3.146318944236052573e-02
2.293509977030752656e-02
2.786189569683875447e-02
2.674393525260385790e-02
2.766434168139129263e-02
2.966055127067527067e-02
3.028315068678853403e-02
2.405445475372581382e-02
3.282357572221135389e-02
2.195653773117365454e-02
2.622651763325607038e-02
2.620838394999126797e-02
2.622651763325607038e-02
2.370733148664802906e-02
2.866637365355786948e-02
3.121576238665758549e-02
2.659487978914862327e-02
3.199874074497311566e-02
2.862824440075766377e-02
2.990329782202698350e-02
2.570796650057329685e-02
2.790266280810171223e-02
3.082067336535651916e-02
3.014432911845951746e-02
2.892276440693771281e-02
2.878394283860869624e-02
2.321261960655776613e-02
2.736718381674849154e-02
2.706835278042411808e-02
2.986253071076402227e-02
2.615186905262733424e-02
2.916576707932564197e-02
2.697070025626403800e-02
2.664665324397696294e-02
2.258937104241313248e-02
2.561434637405935605e-02
3.034522899812563262e-02
2.890740494999040344e-02
2.370733148664802906e-02
2.892276440693771281e-02
3.029838684332804982e-02
2.702043106520389884e-02
2.594899779700583428e-02
2.321261960655776613e-02
2.922228197668957569e-02
3.010356200719655970e-02
2.589350692329209919e-02
2.706835278042411808e-02
2.560326906911143674e-02
2.862824440075766377e-02
2.405445475372581382e-02
2.990329782202698350e-02
3.146318944236052573e-02
2.816109724869631653e-02
2.281613604607330911e-02
2.526495576405201129e-02
2.205381973980054255e-02
2.820186435995927776e-02
2.536223777267889931e-02
3.199874074497311566e-02
2.833108653611485922e-02
2.447104233210418284e-02
2.249208903378623753e-02
2.589350692329209919e-02
3.010356200719655970e-02
2.706835278042411808e-02
2.960877781584693100e-02
3.121576238665758549e-02
2.659487978914862327e-02
2.833108653611485922e-02
3.121576238665758549e-02
2.985537610680676426e-02
2.874317572734573847e-02
2.776461368821186645e-02
2.526495576405201129e-02
2.701146736752699576e-02
2.878394283860869624e-02
2.674393525260385790e-02
2.839744699945134093e-02
2.912499996806268768e-02
2.786189569683875447e-02
2.776461368821186645e-02
2.862824440075766377e-02
2.786189569683875447e-02
2.946028708550569794e-02
3.122291699061484349e-02
2.960877781584693100e-02
2.662534204390283252e-02
2.975783327930216215e-02
2.829914636858616578e-02
2.726785812090684255e-02
2.820762442473315201e-02
2.239954846769493663e-02
2.541344649439324435e-02
3.347241763842950107e-02
2.281613604607330911e-02
3.282357572221135389e-02
2.321261960655776613e-02
2.662534204390283252e-02
2.589350692329209919e-02
2.535795562067950926e-02
3.195797363371015443e-02
3.029838684332804982e-02
2.922228197668957569e-02
2.834093210208741068e-02
2.711771307383078686e-02
2.740795092801145277e-02
2.541344649439324435e-02
2.116262429922582261e-02
2.321261960655776613e-02
2.249208903378623753e-02
2.912499996806268768e-02
2.370733148664802906e-02
3.161800601191590981e-02
2.878394283860869624e-02
2.991189100417069105e-02
3.142242233109756450e-02
3.042184895470975703e-02
2.541344649439324435e-02
2.746344180172518440e-02
2.447104233210418284e-02
2.444954377502688014e-02
2.614989767667194598e-02
2.960877781584693100e-02
2.892276440693771281e-02
2.986253071076402227e-02
3.025761973206508859e-02
3.038108184344679580e-02
2.874317572734573847e-02
2.424288278926061552e-02
2.659487978914862327e-02
3.311809572839139598e-02
2.361004947802113757e-02
2.444954377502688014e-02
2.674393525260385790e-02
2.912499996806268768e-02
2.405306021454242313e-02
2.916379570337025370e-02
2.417652232592413034e-02
2.281613604607330911e-02
2.839744699945134093e-02
2.708966398049825197e-02
2.195653773117365454e-02
2.824839153599610977e-02
2.405306021454242313e-02
2.405445475372581382e-02
2.708966398049825197e-02
2.833108653611485922e-02
2.624915106125422920e-02
2.824978607517950047e-02
2.541344649439324435e-02
2.561434637405935605e-02
2.931785342823877913e-02
3.165877312317887105e-02
2.740795092801145277e-02
2.708966398049825197e-02
2.414560078063372403e-02
3.029838684332804982e-02
2.926304908795253346e-02
2.293509977030752656e-02
2.860410798521760556e-02
3.131304439528447003e-02
3.087718826272044595e-02
2.960877781584693100e-02
2.702043106520389884e-02
3.335912702482393688e-02
2.780677533865821144e-02
2.281613604607330911e-02
2.820186435995927776e-02
2.906146267485893581e-02
3.038108184344679580e-02
3.307732861712843475e-02
2.205381973980054255e-02
2.860410798521760556e-02
3.091795537398340718e-02
2.258937104241313248e-02
2.713043109176121320e-02
2.916576707932564197e-02
3.181890589158201804e-02
2.916379570337025370e-02
3.127227728402151574e-02
2.526495576405201129e-02
2.655411267788566898e-02
2.995265811543365228e-02
2.874317572734573847e-02
2.486613135340524916e-02
2.410381504713247913e-02
3.131304439528447003e-02
2.960877781584693100e-02
2.878394283860869624e-02
3.038108184344679580e-02
2.726925266009022630e-02
2.664665324397696294e-02
2.833108653611485922e-02
2.926304908795253346e-02
2.410381504713247913e-02
2.860410798521760556e-02
2.624915106125422920e-02
3.447848200824221720e-02
2.561434637405935605e-02
3.487357102954329047e-02
2.535795562067950926e-02
2.916379570337025370e-02
2.975783327930216215e-02
3.351318474969246231e-02
3.077990625409355793e-02
3.077990625409355793e-02
2.583142861195500406e-02
2.575732679397996563e-02
2.834093210208741068e-02
2.991189100417069105e-02
3.311809572839139598e-02
3.282357572221135389e-02
2.624915106125422920e-02
2.825837925732320455e-02
2.786189569683875447e-02
2.659487978914862327e-02
2.536223777267889931e-02
2.995265811543365228e-02
2.766434168139129263e-02
2.916379570337025370e-02
2.750625155887662446e-02
2.281613604607330911e-02
2.976891058425008146e-02
2.615186905262733424e-02
2.740795092801145277e-02
2.829914636858616578e-02
3.038108184344679580e-02
2.981460899554380303e-02
2.981460899554380303e-02
3.185967300284497927e-02
2.293509977030752656e-02
2.941951997424273671e-02
3.347241763842950107e-02
2.486613135340524916e-02
3.014432911845951746e-02
3.307732861712843475e-02
2.541344649439324435e-02
3.282357572221135389e-02
3.002675993340869071e-02
2.975783327930216215e-02
2.931785342823877913e-02
2.585273981202913796e-02
2.754701867013958222e-02
2.706835278042411808e-02
2.986253071076402227e-02
2.985537610680676426e-02
2.780677533865821144e-02
2.824839153599610977e-02
2.824978607517950047e-02
2.843821411071430216e-02
3.142242233109756450e-02
3.042184895470975703e-02
3.002675993340869071e-02
2.970131838193823190e-02
2.281613604607330911e-02
2.862560654229490825e-02
2.655411267788566898e-02
2.249208903378623753e-02
3.126368410187780472e-02
2.816109724869631653e-02
3.331835991356098259e-02
2.414560078063372403e-02
3.443771489697926291e-02
3.025761973206508859e-02
2.824839153599610977e-02
2.697209479544742522e-02
2.986253071076402227e-02
2.701146736752699576e-02
2.886663783872744568e-02
2.833108653611485922e-02
3.335912702482393688e-02
2.659487978914862327e-02
2.843821411071430216e-02
2.839744699945134093e-02
2.497043575787195879e-02
2.976891058425008146e-02
3.127227728402151574e-02
2.674393525260385790e-02
2.995265811543365228e-02
2.116262429922582261e-02
2.239954846769493663e-02
3.195797363371015443e-02
3.195797363371015443e-02
2.239954846769493663e-02
3.010356200719655970e-02
2.417652232592413034e-02
2.195653773117365454e-02
2.655411267788566898e-02
2.585273981202913796e-02
2.560326906911143674e-02
2.951680198286962473e-02
2.975783327930216215e-02
2.672262405252972053e-02
2.980967769551304269e-02
2.659487978914862327e-02
3.122291699061484349e-02
3.091795537398340718e-02
3.351318474969246231e-02
2.726785812090684255e-02
2.955756909413258596e-02
2.370733148664802906e-02
2.985537610680676426e-02
2.790266280810171223e-02
2.830016499082444945e-02
2.614989767667194598e-02
2.946028708550569794e-02
2.878394283860869624e-02
2.966055127067527067e-02
2.589350692329209919e-02
2.824978607517950047e-02
2.615186905262733424e-02
2.169817560183841254e-02
2.981460899554380303e-02
2.726785812090684255e-02
2.931785342823877913e-02
2.862560654229490825e-02
2.975783327930216215e-02
2.892276440693771281e-02
2.750625155887662446e-02
2.833108653611485922e-02
2.708966398049825197e-02
2.239954846769493663e-02
3.335912702482393688e-02
2.790405734728509946e-02
2.655411267788566898e-02
2.843821411071430216e-02
3.028315068678853403e-02
2.414560078063372403e-02
2.736718381674849154e-02
3.351318474969246231e-02
2.611110194136437995e-02
2.697209479544742522e-02
2.926304908795253346e-02
2.956801070458397324e-02
3.161800601191590981e-02
3.146458398154391295e-02
2.776600822739525021e-02
2.862560654229490825e-02
2.258937104241313248e-02
2.674393525260385790e-02
2.975783327930216215e-02
2.976891058425008146e-02
2.239954846769493663e-02
2.624915106125422920e-02
2.860410798521760556e-02
2.780340942351943248e-02
2.990329782202698350e-02
2.655411267788566898e-02
2.293509977030752656e-02
2.417652232592413034e-02
2.786329023602213822e-02
2.589350692329209919e-02
2.980967769551304269e-02
2.575732679397996563e-02
2.708966398049825197e-02
2.946028708550569794e-02
2.711771307383078686e-02
2.766434168139129263e-02
2.790266280810171223e-02
2.405306021454242313e-02
2.575732679397996563e-02
2.169817560183841254e-02
2.874317572734573847e-02
3.122291699061484349e-02
2.780538079947482075e-02
2.866637365355786948e-02
3.042184895470975703e-02
2.624915106125422920e-02
2.550598706048454525e-02
3.487357102954329047e-02
3.146318944236052573e-02
2.906146267485893581e-02
2.726925266009022630e-02
2.960877781584693100e-02
2.986253071076402227e-02
2.941951997424273671e-02
2.672262405252972053e-02
3.002675993340869071e-02
2.786189569683875447e-02
3.067823970808960035e-02
2.611110194136437995e-02
2.594899779700583428e-02
2.862560654229490825e-02
2.726925266009022630e-02
3.331835991356098259e-02
2.335168734868589904e-02
3.010356200719655970e-02
3.335912702482393688e-02
3.195797363371015443e-02
2.843821411071430216e-02
3.126368410187780472e-02
3.126368410187780472e-02
2.249208903378623753e-02
2.754701867013958222e-02
2.570796650057329685e-02
2.701286190671038645e-02
3.185967300284497927e-02
2.583142861195500406e-02
3.146458398154391295e-02
2.560326906911143674e-02
2.874317572734573847e-02
3.067823970808960035e-02
2.864487509648056679e-02
3.028315068678853403e-02
2.860410798521760556e-02
2.829914636858616578e-02
3.025761973206508859e-02
3.030446188686267139e-02
2.726925266009022630e-02
2.615186905262733424e-02
2.916576707932564197e-02
2.916576707932564197e-02
2.550598706048454525e-02
3.127227728402151574e-02
2.116262429922582261e-02
2.820186435995927776e-02
2.585273981202913796e-02
2.975783327930216215e-02
2.471207362853672027e-02
2.750625155887662446e-02
3.146318944236052573e-02
2.536223777267889931e-02
3.131304439528447003e-02
2.892276440693771281e-02
2.458861151715501306e-02
2.916379570337025370e-02
2.361004947802113757e-02
2.575732679397996563e-02
2.786329023602213822e-02
3.307732861712843475e-02
2.786189569683875447e-02
2.116262429922582261e-02
2.622651763325607038e-02
3.447848200824221720e-02
2.931785342823877913e-02
3.351318474969246231e-02
2.169817560183841254e-02
3.195797363371015443e-02
2.447104233210418284e-02
3.443771489697926291e-02
2.981460899554380303e-02
2.986253071076402227e-02
3.082067336535651916e-02
2.829914636858616578e-02
2.955756909413258596e-02
2.902069556359597458e-02
3.483280391828032230e-02
2.536223777267889931e-02
2.535795562067950926e-02
2.506771776649885028e-02
3.142381687028095172e-02
2.417652232592413034e-02
2.620838394999126797e-02
3.487357102954329047e-02
3.142242233109756450e-02
2.583142861195500406e-02
2.820186435995927776e-02
2.750625155887662446e-02
3.042184895470975703e-02
3.034522899812563262e-02
2.585273981202913796e-02
2.816109724869631653e-02
2.824839153599610977e-02
2.702043106520389884e-02
2.585273981202913796e-02
2.995265811543365228e-02
2.786189569683875447e-02
2.659487978914862327e-02
2.622651763325607038e-02
2.249208903378623753e-02
2.506771776649885028e-02
2.874317572734573847e-02
2.931785342823877913e-02
2.786189569683875447e-02
3.335912702482393688e-02
2.321261960655776613e-02
2.410381504713247913e-02
2.829914636858616578e-02
2.874317572734573847e-02
2.833108653611485922e-02
2.780677533865821144e-02
2.780677533865821144e-02
3.127227728402151574e-02
3.278280861094838572e-02
2.820186435995927776e-02
3.447848200824221720e-02
2.790405734728509946e-02
2.541344649439324435e-02
2.560326906911143674e-02
2.664665324397696294e-02
2.550598706048454525e-02
3.002675993340869071e-02
3.199874074497311566e-02
2.674393525260385790e-02
2.866637365355786948e-02
3.142381687028095172e-02
3.028315068678853403e-02
2.931785342823877913e-02
2.674393525260385790e-02
2.281613604607330911e-02
3.025761973206508859e-02
2.281613604607330911e-02
3.091795537398340718e-02
2.249208903378623753e-02
3.028315068678853403e-02
2.790266280810171223e-02
2.786189569683875447e-02
2.674393525260385790e-02
2.837185364737781698e-02
3.087718826272044595e-02
3.127227728402151574e-02
3.042184895470975703e-02
2.701286190671038645e-02
2.860410798521760556e-02
2.249208903378623753e-02
2.816109724869631653e-02
3.038108184344679580e-02
2.981460899554380303e-02
2.966055127067527067e-02
3.311809572839139598e-02
3.347241763842950107e-02
3.165877312317887105e-02
2.575732679397996563e-02
2.447104233210418284e-02
2.820186435995927776e-02
2.991189100417069105e-02
3.042184895470975703e-02
3.335912702482393688e-02
2.926304908795253346e-02
2.561434637405935605e-02
2.824978607517950047e-02
2.447104233210418284e-02
2.526495576405201129e-02
2.980967769551304269e-02
2.878394283860869624e-02
2.535795562067950926e-02
2.985537610680676426e-02
2.583142861195500406e-02
2.486613135340524916e-02
2.970131838193823190e-02
2.471207362853672027e-02
3.146318944236052573e-02
3.181890589158201804e-02
2.701286190671038645e-02
2.335168734868589904e-02
2.702043106520389884e-02
2.916576707932564197e-02
2.864487509648056679e-02
2.736718381674849154e-02
3.487357102954329047e-02
2.610305552187436318e-02
3.447848200824221720e-02
2.624915106125422920e-02
2.866637365355786948e-02
2.991189100417069105e-02
2.583142861195500406e-02
2.195653773117365454e-02
2.746344180172518440e-02
2.583142861195500406e-02
2.829914636858616578e-02
3.282357572221135389e-02
3.351318474969246231e-02
2.830016499082444945e-02
2.335168734868589904e-02
2.886663783872744568e-02
2.991189100417069105e-02
2.862560654229490825e-02
2.711771307383078686e-02
2.824978607517950047e-02
3.331835991356098259e-02
2.931785342823877913e-02
3.126368410187780472e-02
2.906146267485893581e-02
3.146458398154391295e-02
3.161800601191590981e-02
2.790405734728509946e-02
2.293509977030752656e-02
2.786189569683875447e-02
2.708966398049825197e-02
3.091795537398340718e-02
2.594899779700583428e-02
2.816109724869631653e-02
2.321261960655776613e-02
2.497043575787195879e-02
3.034522899812563262e-02
3.347241763842950107e-02
3.029838684332804982e-02
2.980967769551304269e-02
3.311809572839139598e-02
2.594899779700583428e-02
2.726785812090684255e-02
2.890740494999040344e-02
2.526495576405201129e-02
2.862824440075766377e-02
3.483280391828032230e-02
2.116262429922582261e-02
2.506771776649885028e-02
2.990329782202698350e-02
2.843821411071430216e-02
3.082067336535651916e-02
2.820186435995927776e-02
2.535795562067950926e-02
3.307732861712843475e-02
3.131304439528447003e-02
2.659487978914862327e-02
2.678470236386681913e-02
2.860410798521760556e-02
2.614989767667194598e-02
2.575732679397996563e-02
3.311809572839139598e-02
2.931785342823877913e-02
2.890740494999040344e-02
2.414560078063372403e-02
2.458861151715501306e-02
2.820186435995927776e-02
2.820762442473315201e-02
2.624915106125422920e-02
2.754701867013958222e-02
2.839744699945134093e-02
2.335168734868589904e-02
2.370872602583141281e-02
2.995265811543365228e-02
2.570796650057329685e-02
2.417652232592413034e-02
2.825837925732320455e-02
2.922228197668957569e-02
2.321261960655776613e-02
3.010356200719655970e-02
3.117499527539462426e-02
2.776600822739525021e-02
2.866637365355786948e-02
2.281613604607330911e-02
2.526495576405201129e-02
3.087718826272044595e-02
2.839744699945134093e-02
2.570796650057329685e-02
3.091795537398340718e-02
3.311809572839139598e-02
2.786189569683875447e-02
2.820901896391653924e-02
2.890740494999040344e-02
3.126368410187780472e-02
2.941951997424273671e-02
3.127227728402151574e-02
2.701146736752699576e-02
3.347241763842950107e-02
2.946028708550569794e-02
2.916576707932564197e-02
2.674393525260385790e-02
2.594899779700583428e-02
2.892276440693771281e-02
2.711771307383078686e-02
2.116262429922582261e-02
3.181890589158201804e-02
2.931785342823877913e-02
2.955756909413258596e-02
2.405445475372581382e-02
2.995265811543365228e-02
2.834093210208741068e-02
3.447848200824221720e-02
2.746344180172518440e-02
2.335168734868589904e-02
2.916576707932564197e-02
2.655411267788566898e-02
2.668742035523992417e-02
2.655411267788566898e-02
2.361004947802113757e-02
2.916576707932564197e-02
3.278280861094838572e-02
2.878394283860869624e-02
3.025761973206508859e-02
2.902069556359597458e-02
2.824839153599610977e-02
2.736718381674849154e-02
2.886663783872744568e-02
2.878394283860869624e-02
3.142242233109756450e-02
2.370872602583141281e-02
2.837185364737781698e-02
2.816109724869631653e-02
2.890740494999040344e-02
2.786329023602213822e-02
2.550598706048454525e-02
3.030446188686267139e-02
2.447104233210418284e-02
2.594899779700583428e-02
3.002675993340869071e-02
2.258937104241313248e-02
3.146318944236052573e-02
2.550598706048454525e-02
2.711771307383078686e-02
2.561434637405935605e-02
2.780340942351943248e-02
2.583142861195500406e-02
3.067823970808960035e-02
2.361004947802113757e-02
2.886663783872744568e-02
2.361004947802113757e-02
2.570796650057329685e-02
2.878394283860869624e-02
2.370733148664802906e-02
2.966055127067527067e-02
2.878394283860869624e-02
3.146318944236052573e-02
2.405306021454242313e-02
2.820762442473315201e-02
2.239954846769493663e-02
2.116262429922582261e-02
2.239954846769493663e-02
3.042184895470975703e-02
2.702043106520389884e-02
2.575732679397996563e-02
3.025761973206508859e-02
2.833108653611485922e-02
2.862824440075766377e-02
2.864487509648056679e-02
3.447848200824221720e-02
3.028315068678853403e-02
2.541344649439324435e-02
2.780538079947482075e-02
2.830016499082444945e-02
2.702043106520389884e-02
2.922228197668957569e-02
2.541344649439324435e-02
2.531718850941655496e-02
2.566004478535307762e-02
2.926304908795253346e-02
2.946028708550569794e-02
2.674393525260385790e-02
2.780677533865821144e-02
2.536223777267889931e-02
2.906146267485893581e-02
3.146458398154391295e-02
2.697070025626403800e-02
2.674393525260385790e-02
2.960877781584693100e-02
2.890740494999040344e-02
2.726925266009022630e-02
3.282357572221135389e-02
3.311809572839139598e-02
2.995265811543365228e-02
2.205381973980054255e-02
2.912499996806268768e-02
3.443771489697926291e-02
3.034522899812563262e-02
2.766434168139129263e-02
2.205381973980054255e-02
2.902069556359597458e-02
2.955756909413258596e-02
2.361004947802113757e-02
2.444954377502688014e-02
2.506771776649885028e-02
3.025761973206508859e-02
3.131304439528447003e-02
2.780340942351943248e-02
2.922228197668957569e-02
2.862824440075766377e-02
3.185967300284497927e-02
2.370872602583141281e-02
2.281613604607330911e-02
2.536223777267889931e-02
2.713043109176121320e-02
2.970131838193823190e-02
2.931785342823877913e-02
3.042184895470975703e-02
2.740795092801145277e-02
2.321261960655776613e-02
2.711771307383078686e-02
2.926304908795253346e-02
2.780340942351943248e-02
3.030446188686267139e-02
3.483280391828032230e-02
3.195797363371015443e-02
3.146318944236052573e-02
2.746344180172518440e-02
3.077990625409355793e-02
2.239954846769493663e-02
2.726925266009022630e-02
2.281753058525669980e-02
2.726925266009022630e-02
2.541344649439324435e-02
2.281613604607330911e-02
2.786189569683875447e-02
2.906146267485893581e-02
3.181890589158201804e-02
2.614989767667194598e-02
2.955756909413258596e-02
2.589350692329209919e-02
2.998599282214572948e-02
2.980967769551304269e-02
2.980967769551304269e-02
2.585273981202913796e-02
2.410381504713247913e-02
2.566004478535307762e-02
2.864487509648056679e-02
2.926304908795253346e-02
3.199874074497311566e-02
2.837185364737781698e-02
3.199874074497311566e-02
2.561434637405935605e-02
2.878394283860869624e-02
2.526495576405201129e-02
3.117499527539462426e-02
2.833108653611485922e-02
2.702043106520389884e-02
2.335168734868589904e-02
2.786189569683875447e-02
2.916576707932564197e-02
2.829914636858616578e-02
2.960877781584693100e-02
2.970131838193823190e-02
2.526495576405201129e-02
2.902069556359597458e-02
2.995265811543365228e-02
2.611110194136437995e-02
2.444954377502688014e-02
2.711771307383078686e-02
2.776600822739525021e-02
2.624915106125422920e-02
2.400653303850559112e-02
2.862824440075766377e-02
3.335912702482393688e-02
2.986253071076402227e-02
2.622651763325607038e-02
2.526495576405201129e-02
2.370872602583141281e-02
3.307732861712843475e-02
2.970131838193823190e-02
2.662534204390283252e-02
2.837185364737781698e-02
2.447104233210418284e-02
2.583142861195500406e-02
3.121576238665758549e-02
3.311809572839139598e-02
2.583142861195500406e-02
2.541344649439324435e-02
3.447848200824221720e-02
2.622651763325607038e-02
2.955756909413258596e-02
2.874317572734573847e-02
2.458861151715501306e-02
2.956801070458397324e-02
2.659487978914862327e-02
2.239954846769493663e-02
2.837185364737781698e-02
2.566004478535307762e-02
2.998599282214572948e-02
2.916576707932564197e-02
2.659487978914862327e-02
2.726785812090684255e-02
3.185967300284497927e-02
2.998599282214572948e-02
2.400653303850559112e-02
2.615186905262733424e-02
3.082067336535651916e-02
2.615186905262733424e-02
2.776461368821186645e-02
2.824978607517950047e-02
2.916576707932564197e-02
3.028315068678853403e-02
2.754701867013958222e-02
3.311809572839139598e-02
3.126368410187780472e-02
3.117499527539462426e-02
2.912499996806268768e-02
2.615186905262733424e-02
3.331835991356098259e-02
3.199874074497311566e-02
2.662534204390283252e-02
2.674393525260385790e-02
3.117499527539462426e-02
3.142381687028095172e-02
3.029838684332804982e-02
3.126368410187780472e-02
3.122291699061484349e-02
2.531718850941655496e-02
2.711771307383078686e-02
2.531718850941655496e-02
2.668742035523992417e-02
2.672262405252972053e-02
2.966055127067527067e-02
2.991189100417069105e-02
2.985537610680676426e-02
2.708966398049825197e-02
2.829914636858616578e-02
2.701146736752699576e-02
2.370872602583141281e-02
2.886663783872744568e-02
2.736718381674849154e-02
2.776600822739525021e-02
3.447848200824221720e-02
2.980967769551304269e-02
2.820762442473315201e-02
2.970131838193823190e-02
2.370872602583141281e-02
2.486613135340524916e-02
2.486613135340524916e-02
2.820762442473315201e-02
2.776600822739525021e-02
3.307732861712843475e-02
2.116262429922582261e-02
2.713043109176121320e-02
2.986253071076402227e-02
3.311809572839139598e-02
3.331835991356098259e-02
3.002675993340869071e-02
2.890740494999040344e-02
2.702043106520389884e-02
3.121576238665758549e-02
2.816109724869631653e-02
2.281753058525669980e-02
2.405306021454242313e-02
2.697209479544742522e-02
2.726785812090684255e-02
