1.771760493071763976e-02
1.852544005047661313e-02
2.010937352176770179e-02
1.751139439304739281e-02
1.971771273286137757e-02
2.633222787122573016e-02
2.782174808768308333e-02
2.564869077084127105e-02
2.529108477425687229e-02
2.143476348241727877e-02
1.907416468540771778e-02
2.036501396885485524e-02
2.010937352176770179e-02
2.339666824631956785e-02
2.176096845547430270e-02
2.345472566113590909e-02
2.720907623957925445e-02
2.398532814947972741e-02
2.685080138865176061e-02
1.831013140510347886e-02
2.170261071857145646e-02
1.930811313520695849e-02
1.955968513522583774e-02
1.863780808258210311e-02
1.843348615705172472e-02
2.084581629169902223e-02
2.126763777707885161e-02
2.188491113741136695e-02
1.866157921719108215e-02
2.276761841805672107e-02
1.855786223684468758e-02
2.276761841805672107e-02
2.401096337792800114e-02
1.769006229752934437e-02
1.969649315628340530e-02
1.852544005047661313e-02
2.269307720445401522e-02
2.022887480214038275e-02
2.107801928507866199e-02
2.069832071248595834e-02
1.961137800725985120e-02
2.008138243267439116e-02
2.216753873872778779e-02
1.698089814958320815e-02
1.901985406811857598e-02
1.724460758700083890e-02
2.368206327742683470e-02
2.042316575442167104e-02
1.961974150145618517e-02
1.915816584006153900e-02
2.450063033204284355e-02
2.545760089307049640e-02
1.766864562360417890e-02
2.011980651161830377e-02
1.969649315628340530e-02
1.902598174537301068e-02
1.901985406811857598e-02
1.847041836604056825e-02
2.069832071248595834e-02
1.657871000007581433e-02
2.654753651659886790e-02
2.331437498763837962e-02
1.877978736898824538e-02
2.048122316923801575e-02
2.007162357158359667e-02
2.003319949263968058e-02
1.879176100797921856e-02
2.063256457455015652e-02
1.984783456159554607e-02
2.037925245584176759e-02
2.018496150356048277e-02
2.393770372451398468e-02
1.820697293982604520e-02
2.159889373822505843e-02
2.910011575120091329e-02
1.971771273286137757e-02
2.404086218979141487e-02
2.320327552212226446e-02
1.728416302163610432e-02
2.113232990236780379e-02
2.398532814947972741e-02
2.037281894798222137e-02
2.545760089307049640e-02
2.552742599554178385e-02
2.027649922710612895e-02
2.163970368017481549e-02
1.972993462058678787e-02
2.378578025777322927e-02
2.529108477425687229e-02
2.301111011558548344e-02
2.101294199703744939e-02
2.516915114461429001e-02
2.077405505144030995e-02
1.871588983448022395e-02
2.425617083516455261e-02
1.996965285818734503e-02
1.784808989516488420e-02
1.955968513522583774e-02
2.189434019239792570e-02
2.227125571907418236e-02
2.254173579914187445e-02
2.222559615354413598e-02
1.883567430655911853e-02
2.363638648392012501e-02
1.978799203540312912e-02
2.322954254098114069e-02
1.885530764243155410e-02
1.842305795227792975e-02
2.077405505144030995e-02
1.816305964124614175e-02
1.977577014767772576e-02
1.820641442475708083e-02
2.446436697739709162e-02
2.082644728505977927e-02
1.693698485100330470e-02
2.332580299403893762e-02
2.001783579822205561e-02
1.862175977135270902e-02
2.214021650397757224e-02
2.843857602822052674e-02
2.100158558453885452e-02
2.384289932392681666e-02
1.843215605998082054e-02
1.867736351721736854e-02
1.912969872571940871e-02
1.891613708777217795e-02
2.261776288234673693e-02
1.734832456734723347e-02
1.930811313520695849e-02
2.545760089307049640e-02
2.183628277758158098e-02
2.224318598833886079e-02
2.026513815678613120e-02
1.698089814958320815e-02
2.521239343583394493e-02
1.759353202458378493e-02
1.693698485100330470e-02
2.124826877043960865e-02
2.092667787976652122e-02
2.322124519051078223e-02
2.260049271271829391e-02
2.439913704071890871e-02
1.983617497543783970e-02
2.116902991107728199e-02
2.390724639758160311e-02
2.358625591242637792e-02
1.886795414773747084e-02
1.775660185028394428e-02
1.930512021690469759e-02
2.375765125921961221e-02
2.026513815678613120e-02
2.121945483704414104e-02
2.004156298683601456e-02
2.446436697739709162e-02
1.745333697823104463e-02
1.780046547019913800e-02
1.982668665263298893e-02
1.866826540951448121e-02
2.394550870364135081e-02
2.450063033204284355e-02
2.196031039584477387e-02
1.996665993988508414e-02
1.816305964124614175e-02
2.359052555388118505e-02
2.136605442827912288e-02
2.158164626535847078e-02
2.342107783854698727e-02
1.936617055002329973e-02
2.486588627256139383e-02
2.328759995579748193e-02
2.206152516555464488e-02
2.078627693916571678e-02
1.991124328658757520e-02
2.429724127205866446e-02
2.037281894798222137e-02
1.841637175995453415e-02
1.821684741460768281e-02
2.000586215923108244e-02
2.257452059112708201e-02
2.022296497689573397e-02
2.229155790928971301e-02
2.311752821016438419e-02
2.345472566113590909e-02
1.748981504423739036e-02
2.874184090027341945e-02
1.929028058392415895e-02
1.971771273286137757e-02
1.946689461206743688e-02
1.881960681482662198e-02
1.960838508895759030e-02
2.992809624467787991e-02
1.961137800725985120e-02
2.507577612888373803e-02
1.931555320675529611e-02
2.000330068077626686e-02
2.230673262279119634e-02
1.908326279311060858e-02
2.001496026693397323e-02
2.286577847041765255e-02
1.918656360357776439e-02
1.986295000727873739e-02
1.855204277037865793e-02
1.846815900273901523e-02
2.378578025777322927e-02
1.850967929680998048e-02
1.986295000727873739e-02
2.116902991107728199e-02
2.246642147703459616e-02
1.744219061927164416e-02
2.027114791693044454e-02
2.249782250056197100e-02
1.713223955489534892e-02
1.918656360357776439e-02
1.866770689444551684e-02
1.929028058392415895e-02
1.780046547019913800e-02
2.037081999656822212e-02
1.841637175995453415e-02
1.702852257454895435e-02
2.177251221924132729e-02
2.080203769283235637e-02
1.826503035464239338e-02
1.769006229752934437e-02
2.367264983856586999e-02
1.788473063605606692e-02
2.306916753040183163e-02
2.552742599554178385e-02
2.345472566113590909e-02
1.836818881991982705e-02
2.156630168157107341e-02
2.259979321395821916e-02
2.176601944356348559e-02
1.693698485100330470e-02
1.851804279100631445e-02
2.364431332724272611e-02
1.871588983448022395e-02
1.703895556439955633e-02
2.001783579822205561e-02
2.159889373822505843e-02
2.486588627256139383e-02
2.170261071857145646e-02
2.704195053424082729e-02
1.719029696971169710e-02
2.318406776291898064e-02
2.599586894147407068e-02
2.192490785860443797e-02
1.818827869981517326e-02
1.883539111485290837e-02
1.952342178058009275e-02
1.766864562360417890e-02
2.116902991107728199e-02
2.512395906891844513e-02
2.373759731773852216e-02
2.197309079863914508e-02
2.492394368737773855e-02
1.940883719725109216e-02
2.042316575442167104e-02
2.048301206711282407e-02
2.255970546753039221e-02
2.247080361078068744e-02
2.031683102882014813e-02
2.049344505696342605e-02
1.832108723888168159e-02
2.545760089307049640e-02
2.486588627256139383e-02
1.894285719468840473e-02
1.982668665263298893e-02
1.936317763172104231e-02
2.026513815678613120e-02
1.843348615705172472e-02
1.882870492252950931e-02
1.936317763172104231e-02
2.286577847041765255e-02
1.882870492252950931e-02
1.971210206930398834e-02
2.467087981740378327e-02
2.260049271271829391e-02
2.093803895008651897e-02
2.720907623957925445e-02
2.425617083516455261e-02
1.936617055002329973e-02
2.022887480214038275e-02
2.206402737619116844e-02
2.246642147703459616e-02
2.197253228357017724e-02
2.441850604735815167e-02
1.971210206930398834e-02
2.354234261384647448e-02
2.003013498043545657e-02
2.007037692023148218e-02
2.217797172857838978e-02
2.375765125921961221e-02
2.803705673305622106e-02
1.837487501224321917e-02
2.092667787976652122e-02
2.384289932392681666e-02
2.093803895008651897e-02
1.956076066399184757e-02
1.861010018519500264e-02
1.889373172137546672e-02
1.901985406811857598e-02
1.698089814958320815e-02
2.245598848718399765e-02
1.832108723888168159e-02
1.820697293982604520e-02
2.311098592765420401e-02
1.848821294422010875e-02
2.504520846267722575e-02
2.389108226396152723e-02
2.021309050211409636e-02
2.528770775794122669e-02
1.657871000007581433e-02
2.579828590920326195e-02
2.213954764963447716e-02
1.831265477960813612e-02
2.192490785860443797e-02
1.986361886162183246e-02
2.048122316923801575e-02
1.772670303842052708e-02
1.972993462058678787e-02
2.260049271271829391e-02
2.150308637322460859e-02
1.904507312668760749e-02
2.027649922710612895e-02
2.070875370233656032e-02
2.339937640829211837e-02
2.022296497689573397e-02
2.093803895008651897e-02
2.395290596311165643e-02
1.780478479031865138e-02
2.677722797439857985e-02
2.325089994708800720e-02
2.002097760491427375e-02
1.852544005047661313e-02
2.008138243267439116e-02
1.719029696971169710e-02
1.857975066776575840e-02
1.784808989516488420e-02
2.281759553038294197e-02
2.354234261384647448e-02
2.186973642390988362e-02
2.069296940231027393e-02
2.161448462160578399e-02
2.446436697739709162e-02
2.699376759420611671e-02
2.214021650397757224e-02
1.765954751590129157e-02
2.394550870364135081e-02
1.988489770601809675e-02
2.096281937340703505e-02
2.032319557160247939e-02
2.216753873872778779e-02
2.374012069224317595e-02
2.047653592832861941e-02
2.032319557160247939e-02
1.866826540951448121e-02
1.766864562360417890e-02
1.837487501224321917e-02
2.165442777853674589e-02
2.090476195859068687e-02
2.202071522360488781e-02
2.077405505144030995e-02
2.077091324474809181e-02
2.007162357158359667e-02
2.101294199703744939e-02
2.073865251419997752e-02
2.415245385481815457e-02
2.147251870701809631e-02
2.036501396885485524e-02
2.043538764214707787e-02
2.318135960094643011e-02
2.286297033958328839e-02
2.058672904745922211e-02
1.776496534448027478e-02
1.978799203540312912e-02
2.051635537416699601e-02
1.935629607524166559e-02
2.269307720445401522e-02
2.155071079819034785e-02
2.003013498043545657e-02
2.120723294931873767e-02
2.037081999656822212e-02
1.811487670121143118e-02
1.852621641755536341e-02
2.037925245584176759e-02
2.322954254098114069e-02
2.006927088422311503e-02
2.378578025777322927e-02
2.057450715973381181e-02
2.170261071857145646e-02
1.877142387479191488e-02
2.027114791693044454e-02
2.424905833202395389e-02
2.429724127205866446e-02
2.544242617956901306e-02
2.446436697739709162e-02
2.048301206711282407e-02
2.216753873872778779e-02
2.488618846277692101e-02
2.159889373822505843e-02
1.843348615705172472e-02
1.841637175995453415e-02
2.424905833202395389e-02
1.955968513522583774e-02
2.212443220395128585e-02
2.120802683064358651e-02
1.902598174537301068e-02
1.836818881991982705e-02
2.069832071248595834e-02
1.921358249335904794e-02
2.515433602101760369e-02
1.961137800725985120e-02
1.862008246947977064e-02
2.114455179009321062e-02
2.552742599554178385e-02
2.072328881978234560e-02
2.147251870701809631e-02
1.872498794218311474e-02
2.010937352176770179e-02
2.384383767258957398e-02
2.086009510764870109e-02
2.190599977855563207e-02
1.702852257454895435e-02
2.095396115957311178e-02
2.175465837324349130e-02
2.311098592765420401e-02
2.498715104786088104e-02
2.349298796719565680e-02
2.214021650397757224e-02
1.853212624280001219e-02
1.852544005047661313e-02
2.119273473012792119e-02
2.574022849438692070e-02
1.917788166575411582e-02
1.791462944791948064e-02
1.885530764243155410e-02
1.881960681482662198e-02
2.212443220395128585e-02
1.872498794218311474e-02
1.866157921719108215e-02
2.196031039584477387e-02
2.255230977268358333e-02
2.053119500714753118e-02
1.886851266280643522e-02
1.750151991826575174e-02
2.006119058173299469e-02
2.374012069224317595e-02
2.190599977855563207e-02
2.257452059112708201e-02
2.047079017938741724e-02
2.002097760491427375e-02
2.318406776291898064e-02
2.803705673305622106e-02
2.206152516555464488e-02
1.729026715253088875e-02
1.791462944791948064e-02
2.284500067119477063e-02
2.109692736512747135e-02
1.866157921719108215e-02
1.853212624280001219e-02
2.444731998075361928e-02
1.936317763172104231e-02
1.990214517888468787e-02
1.877142387479191488e-02
2.242317918581494124e-02
2.171772616425464777e-02
1.961974150145618517e-02
1.826503035464239338e-02
1.912969872571940871e-02
2.401096337792800114e-02
1.891613708777217795e-02
2.175465837324349130e-02
1.994295512083444494e-02
2.079763335166431165e-02
2.065069628752021560e-02
1.813022128499882854e-02
1.649153014047480270e-02
2.093803895008651897e-02
2.222559615354413598e-02
2.112007060396382460e-02
1.724460758700083890e-02
2.126763777707885161e-02
1.743550442694824509e-02
2.192490785860443797e-02
2.124826877043960865e-02
1.761136457586658099e-02
2.022296497689573397e-02
2.011924799654933940e-02
1.791462944791948064e-02
1.842305795227792975e-02
2.374012069224317595e-02
2.733346569119067190e-02
1.910088479232394110e-02
2.286297033958328839e-02
2.054643742899849024e-02
1.842249943720896538e-02
1.673673759771135069e-02
1.765954751590129157e-02
2.170261071857145646e-02
1.901985406811857598e-02
2.347240258527391946e-02
2.222559615354413598e-02
1.713223955489534892e-02
1.985452075391894167e-02
2.016743093658404651e-02
2.021309050211409636e-02
1.780046547019913800e-02
2.058672904745922211e-02
2.037281894798222137e-02
2.373759731773852216e-02
1.925749579193895139e-02
1.862844596367610461e-02
2.229155790928971301e-02
2.843857602822052674e-02
2.401096337792800114e-02
2.127809820159936097e-02
2.048301206711282407e-02
2.389788427867560808e-02
2.178161032694421115e-02
2.398532814947972741e-02
2.213954764963447716e-02
2.425617083516455261e-02
2.002097760491427375e-02
2.051635537416699601e-02
1.861010018519500264e-02
2.260049271271829391e-02
2.079464043336205076e-02
2.323225070295369121e-02
2.077405505144030995e-02
1.866157921719108215e-02
2.060678298894031216e-02
2.112007060396382460e-02
2.309611153623922220e-02
2.425617083516455261e-02
1.867607038864185082e-02
2.429597857544147851e-02
2.063256457455015652e-02
2.259979321395821916e-02
1.724460758700083890e-02
1.831013140510347886e-02
1.853212624280001219e-02
2.058672904745922211e-02
2.047453697691462016e-02
2.159889373822505843e-02
1.728416302163610432e-02
2.064478646227556335e-02
2.786993102771779390e-02
2.316913771322101981e-02
2.276761841805672107e-02
1.846205487184423427e-02
2.429542006037251067e-02
2.529108477425687229e-02
1.882870492252950931e-02
2.303290417575607971e-02
1.994524326595992214e-02
2.016490756207938578e-02
2.401096337792800114e-02
2.043965728360188500e-02
2.564869077084127105e-02
1.815878999979133462e-02
1.971771273286137757e-02
2.197309079863914508e-02
2.664385623747495685e-02
2.021309050211409636e-02
2.001783579822205561e-02
2.171772616425464777e-02
2.325089994708800720e-02
2.303290417575607971e-02
1.772670303842052708e-02
2.093817685954682539e-02
2.306916753040183163e-02
2.360943453021940169e-02
2.022296497689573397e-02
1.952342178058009275e-02
1.851804279100631445e-02
2.288080289086608793e-02
1.713223955489534892e-02
2.276761841805672107e-02
1.958147919539643747e-02
2.002164645925736883e-02
1.994524326595992214e-02
2.320327552212226446e-02
2.385962197261586037e-02
2.512340055384947729e-02
2.043965728360188500e-02
1.842305795227792975e-02
2.369249626727743321e-02
2.218784092894331497e-02
2.096281937340703505e-02
2.388952078447927757e-02
2.135986043546634836e-02
2.249782250056197100e-02
2.389108226396152723e-02
2.011980651161830377e-02
2.104920535168319784e-02
1.847978048494656328e-02
2.280772105560130783e-02
2.342107783854698727e-02
2.200346775073830363e-02
1.750151991826575174e-02
2.246642147703459616e-02
1.902654026044197505e-02
2.150308637322460859e-02
1.952342178058009275e-02
1.901985406811857598e-02
2.281759553038294197e-02
1.825459736479178793e-02
2.037925245584176759e-02
2.002164645925736883e-02
2.006927088422311503e-02
2.063491198749392921e-02
1.969593464121444093e-02
2.306990378519864146e-02
2.384918898276526186e-02
1.850967929680998048e-02
2.222559615354413598e-02
2.255970546753039221e-02
2.639028528604207141e-02
2.290398150865910823e-02
2.037081999656822212e-02
2.581587574399799023e-02
2.303290417575607971e-02
2.663549274327862287e-02
2.036501396885485524e-02
2.522711753419587533e-02
2.108470547740206105e-02
1.718655017218449418e-02
2.306280298761949343e-02
2.254173579914187445e-02
2.322954254098114069e-02
2.022122485820622775e-02
1.985396223884997730e-02
1.936317763172104231e-02
2.047453697691462016e-02
2.155071079819034785e-02
2.054106948192916879e-02
1.925749579193895139e-02
1.952342178058009275e-02
2.638041081126044074e-02
1.977577014767772576e-02
2.080203769283235637e-02
2.053119500714753118e-02
2.408904512982612545e-02
2.404922568398774885e-02
2.008138243267439116e-02
2.072273030471338123e-02
2.016490756207938578e-02
1.991903551491934141e-02
1.761136457586658099e-02
1.627544512802291468e-02
1.930811313520695849e-02
2.112007060396382460e-02
2.104920535168319784e-02
2.594924748092161323e-02
2.323941701576277136e-02
2.108470547740206105e-02
1.821684741460768281e-02
2.843857602822052674e-02
2.088999391951211482e-02
2.061602745380477358e-02
2.211991431376204159e-02
1.972687010838256039e-02
1.958147919539643747e-02
1.627544512802291468e-02
1.718655017218449418e-02
1.827290429884697448e-02
1.961774255004218592e-02
2.072643062647456721e-02
1.931619343769707883e-02
2.067510587974763503e-02
2.346926077858169785e-02
2.722974871084427387e-02
2.465865792967837991e-02
2.211991431376204159e-02
1.713892574721874798e-02
2.092667787976652122e-02
2.315416895105556691e-02
2.087463022509448637e-02
2.170261071857145646e-02
1.971771273286137757e-02
2.374012069224317595e-02
1.784808989516488420e-02
2.053213967419328240e-02
2.339666824631956785e-02
1.897835732040726447e-02
2.074701600839630802e-02
1.949721402953950855e-02
2.398532814947972741e-02
2.120802683064358651e-02
2.011980651161830377e-02
2.080203769283235637e-02
1.886851266280643522e-02
2.451072870574564841e-02
1.858349746529296131e-02
2.037925245584176759e-02
2.389788427867560808e-02
2.486588627256139383e-02
2.638041081126044074e-02
2.146357741581274639e-02
2.041263839382059797e-02
2.016743093658404651e-02
1.990214517888468787e-02
2.384383767258957398e-02
2.033455664192247714e-02
1.930811313520695849e-02
2.043538764214707787e-02
1.853212624280001219e-02
2.309611153623922220e-02
2.393714520944501684e-02
1.633350254283926287e-02
2.393714520944501684e-02
2.418259742091137185e-02
2.407888044056497381e-02
2.048301206711282407e-02
2.604349336643981341e-02
1.698089814958320815e-02
2.057976409915902860e-02
2.063256457455015652e-02
2.384918898276526186e-02
2.171839501859774285e-02
2.053119500714753118e-02
1.915816584006153900e-02
2.544242617956901306e-02
2.635540648901875047e-02
2.054162799699813316e-02
2.782174808768308333e-02
2.193963792457975445e-02
2.017298786456950960e-02
2.384918898276526186e-02
2.165442777853674589e-02
1.977811756062149498e-02
2.639028528604207141e-02
1.862844596367610461e-02
2.075637812730230652e-02
1.780046547019913800e-02
2.161448462160578399e-02
2.704195053424082729e-02
1.935629607524166559e-02
2.072328881978234560e-02
1.986361886162183246e-02
2.022122485820622775e-02
2.348462447299932282e-02
1.985452075391894167e-02
1.949721402953950855e-02
2.200617591271085416e-02
2.533870919922261503e-02
2.281759553038294197e-02
2.061602745380477358e-02
2.213954764963447716e-02
2.196031039584477387e-02
1.929028058392415895e-02
2.318406776291898064e-02
2.077091324474809181e-02
2.135986043546634836e-02
2.197253228357017724e-02
2.200617591271085416e-02
2.086009510764870109e-02
2.574022849438692070e-02
2.393714520944501684e-02
2.036501396885485524e-02
2.488618846277692101e-02
2.027114791693044454e-02
2.257452059112708201e-02
1.965956094729456177e-02
2.120802683064358651e-02
2.197309079863914508e-02
2.458563175269657883e-02
1.931555320675529611e-02
1.693698485100330470e-02
2.053213967419328240e-02
2.078683545423468462e-02
2.564869077084127105e-02
2.240836406221825144e-02
1.879176100797921856e-02
1.776496534448027478e-02
2.439913704071890871e-02
2.803705673305622106e-02
2.033455664192247714e-02
2.095294489862539744e-02
2.246642147703459616e-02
2.293886030568242917e-02
1.917788166575411582e-02
2.227125571907418236e-02
2.177251221924132729e-02
2.121639032483992049e-02
2.369993311837246056e-02
2.446310428077990567e-02
2.046817243413228543e-02
1.978799203540312912e-02
2.347240258527391946e-02
1.891613708777217795e-02
2.599586894147407068e-02
2.290398150865910823e-02
1.980633781388423109e-02
2.054643742899849024e-02
1.744219061927164416e-02
2.106278955622622323e-02
2.275113461927035993e-02
2.254173579914187445e-02
1.825459736479178793e-02
2.061602745380477358e-02
2.390724639758160311e-02
1.766864562360417890e-02
2.112007060396382460e-02
2.288080289086608793e-02
2.206152516555464488e-02
2.992809624467787991e-02
2.424779563540677141e-02
1.954483845450525475e-02
2.037925245584176759e-02
2.247080361078068744e-02
2.910011575120091329e-02
1.772670303842052708e-02
2.363638648392012501e-02
2.016743093658404651e-02
2.077091324474809181e-02
2.003319949263968058e-02
1.941435349005801031e-02
2.521239343583394493e-02
2.407888044056497381e-02
2.516915114461429001e-02
2.146357741581274639e-02
2.021309050211409636e-02
2.112007060396382460e-02
2.286577847041765255e-02
2.053213967419328240e-02
1.910088479232394110e-02
2.146357741581274639e-02
1.894135614634121292e-02
2.650548519771370529e-02
2.446436697739709162e-02
1.724460758700083890e-02
2.599586894147407068e-02
2.048301206711282407e-02
1.719029696971169710e-02
2.335461692743440523e-02
2.275925335923689036e-02
1.867736351721736854e-02
1.836444202239262066e-02
2.083445987920042736e-02
2.213954764963447716e-02
1.969593464121444093e-02
2.323225070295369121e-02
1.848821294422010875e-02
1.745333697823104463e-02
1.982668665263298893e-02
1.866770689444551684e-02
2.384289932392681666e-02
2.434360300040722125e-02
2.058672904745922211e-02
1.861010018519500264e-02
2.318135960094643011e-02
2.229155790928971301e-02
2.095294489862539744e-02
2.405820796929995439e-02
2.026513815678613120e-02
1.708657998936530253e-02
2.093817685954682539e-02
2.368206327742683470e-02
2.297484676093973499e-02
2.047079017938741724e-02
2.058925242196387589e-02
2.093817685954682539e-02
1.918656360357776439e-02
1.915816584006153900e-02
1.961137800725985120e-02
2.306990378519864146e-02
1.847041836604056825e-02
1.751139439304739281e-02
2.147251870701809631e-02
2.136605442827912288e-02
1.702852257454895435e-02
2.090476195859068687e-02
2.119273473012792119e-02
2.529041591991377722e-02
1.846815900273901523e-02
1.702852257454895435e-02
2.176096845547430270e-02
2.297484676093973499e-02
2.363388033739212413e-02
2.227125571907418236e-02
2.011980651161830377e-02
2.126763777707885161e-02
2.127809820159936097e-02
1.831013140510347886e-02
2.078683545423468462e-02
1.842172307013021509e-02
2.041647956209827197e-02
2.056840302883902738e-02
2.297484676093973499e-02
2.016743093658404651e-02
2.322954254098114069e-02
2.367264983856586999e-02
2.364431332724272611e-02
1.984783456159554607e-02
1.765954751590129157e-02
2.786993102771779390e-02
2.022122485820622775e-02
2.001356615676724848e-02
2.545760089307049640e-02
1.868346764811215296e-02
1.912969872571940871e-02
2.001496026693397323e-02
2.010937352176770179e-02
2.063256457455015652e-02
2.403125601559923108e-02
2.258936022410761718e-02
2.319243125711531461e-02
2.206402737619116844e-02
1.769006229752934437e-02
1.858349746529296131e-02
2.236445076363834800e-02
2.569260406942117450e-02
2.516915114461429001e-02
1.813022128499882854e-02
1.848821294422010875e-02
2.369193775220846537e-02
1.979965162156083897e-02
2.369993311837246056e-02
2.240836406221825144e-02
1.934500737109254298e-02
2.207600101518214161e-02
1.904507312668760749e-02
2.064478646227556335e-02
2.405820796929995439e-02
2.358625591242637792e-02
2.271162893427114762e-02
2.874184090027341945e-02
2.158136307365226061e-02
2.087463022509448637e-02
2.353280741303403339e-02
2.177251221924132729e-02
2.369249626727743321e-02
2.155071079819034785e-02
1.958147919539643747e-02
1.851023781187894138e-02
2.068348107950542317e-02
1.713223955489534892e-02
2.458563175269657883e-02
2.057450715973381181e-02
2.165442777853674589e-02
2.189434019239792570e-02
2.047079017938741724e-02
2.114455179009321062e-02
1.955968513522583774e-02
2.348462447299932282e-02
2.176601944356348559e-02
1.985396223884997730e-02
1.952342178058009275e-02
1.964855543485164932e-02
2.003013498043545657e-02
2.354234261384647448e-02
2.007162357158359667e-02
2.068348107950542317e-02
2.058925242196387589e-02
1.972993462058678787e-02
1.820697293982604520e-02
2.011980651161830377e-02
2.008138243267439116e-02
2.016490756207938578e-02
2.346926077858169785e-02
2.368206327742683470e-02
2.345472566113590909e-02
1.836500053746158503e-02
2.037281894798222137e-02
2.521239343583394493e-02
2.125620977067829362e-02
2.635414379240156452e-02
1.846205487184423427e-02
2.123604688271420182e-02
1.969593464121444093e-02
1.961774255004218592e-02
1.956076066399184757e-02
2.101294199703744939e-02
2.063256457455015652e-02
2.335461692743440523e-02
2.003319949263968058e-02
1.816305964124614175e-02
2.053119500714753118e-02
1.780478479031865138e-02
2.227125571907418236e-02
2.401096337792800114e-02
2.224318598833886079e-02
2.404922568398774885e-02
2.559097262999411940e-02
2.109692736512747135e-02
2.512340055384947729e-02
2.127809820159936097e-02
2.339666824631956785e-02
2.803705673305622106e-02
1.759353202458378493e-02
1.990214517888468787e-02
1.765954751590129157e-02
2.054643742899849024e-02
2.286577847041765255e-02
2.275925335923689036e-02
1.961137800725985120e-02
2.327811163299263117e-02
2.594924748092161323e-02
2.007162357158359667e-02
