3.515828211591951608e-02
3.206816684223930819e-02
2.710808891241741833e-02
3.438160627010320575e-02
3.280294466676653142e-02
2.990713100176065065e-02
3.227847737041011217e-02
2.647037176353658761e-02
3.175155127324264664e-02
3.075515867881228535e-02
2.673613043168189887e-02
3.075515867881228535e-02
3.546036629626914821e-02
2.615375619453992259e-02
3.520641194745267877e-02
3.227847737041011217e-02
3.169620836150379567e-02
3.609808344514997547e-02
2.959051543276398563e-02
3.022823258164481289e-02
3.022823258164481289e-02
3.249354217797554428e-02
3.432626335836436171e-02
2.642672794289091867e-02
2.942152834028131589e-02
3.138680587271281547e-02
3.488531036756851306e-02
3.258787985920109237e-02
2.705274600067856736e-02
3.552302751644934725e-02
3.573333804462015123e-02
3.374388912122238543e-02
2.647037176353658761e-02
3.515828211591951608e-02
3.546768460471049628e-02
3.285828757850537546e-02
3.778112403257439383e-02
3.201282393050045721e-02
3.285828757850537546e-02
3.374388912122238543e-02
3.106456116760326555e-02
3.747172154378341363e-02
3.017288966990596191e-02
2.705274600067856736e-02
3.175155127324264664e-02
3.552302751644934725e-02
3.609808344514997547e-02
3.520641194745267877e-02
2.647037176353658761e-02
2.615375619453992259e-02
3.515106903571382779e-02
3.170342144170948395e-02
3.280294466676653142e-02
3.573333804462015123e-02
3.054484815064148137e-02
3.138680587271281547e-02
3.201282393050045721e-02
2.959051543276398563e-02
2.705274600067856736e-02
3.048950523890263040e-02
3.054484815064148137e-02
3.111383412436181592e-02
3.374388912122238543e-02
2.642672794289091867e-02
3.106456116760326555e-02
2.674334351188759062e-02
3.401686086957337457e-02
3.374388912122238543e-02
2.878381119140048863e-02
2.878381119140048863e-02
3.175155127324264664e-02
3.138680587271281547e-02
3.520641194745267877e-02
3.201282393050045721e-02
2.679147334342074985e-02
2.673613043168189887e-02
3.222057042962455514e-02
2.878381119140048863e-02
3.054484815064148137e-02
3.456869479857185151e-02
2.710808891241741833e-02
2.936618542854246838e-02
2.679147334342074985e-02
2.990713100176065065e-02
3.609808344514997547e-02
3.111990407934210959e-02
3.280294466676653142e-02
2.986348718111498171e-02
3.515106903571382779e-02
3.783646694431324481e-02
3.138680587271281547e-02
3.022823258164481289e-02
2.705274600067856736e-02
3.111383412436181592e-02
3.609808344514997547e-02
3.017288966990596191e-02
3.111383412436181592e-02
2.986348718111498171e-02
2.615375619453992259e-02
3.143044969335848093e-02
3.488531036756851306e-02
3.169620836150379567e-02
3.143044969335848093e-02
3.138680587271281547e-02
3.054484815064148137e-02
2.673613043168189887e-02
2.710808891241741833e-02
3.515828211591951608e-02
2.705274600067856736e-02
2.990713100176065065e-02
3.280294466676653142e-02
3.138680587271281547e-02
3.488531036756851306e-02
2.936618542854246838e-02
3.222057042962455514e-02
3.488531036756851306e-02
3.222057042962455514e-02
3.222057042962455514e-02
2.674334351188759062e-02
2.615375619453992259e-02
3.143044969335848093e-02
3.075515867881228535e-02
3.546768460471049628e-02
3.017288966990596191e-02
3.285828757850537546e-02
3.048950523890263040e-02
2.615375619453992259e-02
2.959051543276398563e-02
2.768314484111804655e-02
3.719874979543241755e-02
3.170342144170948395e-02
2.936618542854246838e-02
3.054484815064148137e-02
3.573333804462015123e-02
3.111383412436181592e-02
3.374388912122238543e-02
2.642672794289091867e-02
2.731839944058822231e-02
3.206816684223930819e-02
2.674334351188759062e-02
3.201282393050045721e-02
3.022823258164481289e-02
3.546036629626914821e-02
2.705274600067856736e-02
2.905678293975148471e-02
3.106456116760326555e-02
3.111383412436181592e-02
3.747172154378341363e-02
2.615375619453992259e-02
2.705274600067856736e-02
2.990713100176065065e-02
3.484166654692284759e-02
3.106456116760326555e-02
2.673613043168189887e-02
2.647037176353658761e-02
2.710808891241741833e-02
3.778112403257439383e-02
3.206816684223930819e-02
3.573333804462015123e-02
3.200550562205911609e-02
3.201282393050045721e-02
3.783646694431324481e-02
3.022823258164481289e-02
3.022823258164481289e-02
2.768314484111804655e-02
3.106456116760326555e-02
3.374388912122238543e-02
3.143044969335848093e-02
3.520641194745267877e-02
3.227847737041011217e-02
3.249354217797554428e-02
3.169620836150379567e-02
3.264322277093994334e-02
3.054484815064148137e-02
3.515106903571382779e-02
2.986348718111498171e-02
2.615375619453992259e-02
3.169620836150379567e-02
2.674334351188759062e-02
3.515828211591951608e-02
3.374388912122238543e-02
2.704542769223722276e-02
3.719874979543241755e-02
2.990713100176065065e-02
3.515106903571382779e-02
3.285828757850537546e-02
3.258787985920109237e-02
2.642672794289091867e-02
3.258787985920109237e-02
3.175155127324264664e-02
2.878381119140048863e-02
3.778112403257439383e-02
2.647037176353658761e-02
2.710808891241741833e-02
3.175155127324264664e-02
3.488531036756851306e-02
3.747172154378341363e-02
2.905678293975148471e-02
3.227847737041011217e-02
2.679147334342074985e-02
3.018010275011165366e-02
3.515106903571382779e-02
3.456869479857185151e-02
3.018010275011165366e-02
3.018010275011165366e-02
2.673613043168189887e-02
2.704542769223722276e-02
2.990713100176065065e-02
3.484166654692284759e-02
2.647037176353658761e-02
2.905678293975148471e-02
2.959051543276398563e-02
3.169620836150379567e-02
2.959051543276398563e-02
3.374388912122238543e-02
3.285828757850537546e-02
3.573333804462015123e-02
3.456869479857185151e-02
3.515106903571382779e-02
3.515106903571382779e-02
3.719874979543241755e-02
3.017288966990596191e-02
3.484166654692284759e-02
2.878381119140048863e-02
2.673613043168189887e-02
3.206816684223930819e-02
3.783646694431324481e-02
2.731839944058822231e-02
2.705274600067856736e-02
3.169620836150379567e-02
2.615375619453992259e-02
3.169620836150379567e-02
3.018010275011165366e-02
2.615375619453992259e-02
3.515828211591951608e-02
3.249354217797554428e-02
2.710808891241741833e-02
3.573333804462015123e-02
2.905678293975148471e-02
3.048218693046128580e-02
3.456869479857185151e-02
3.515828211591951608e-02
3.783646694431324481e-02
3.170342144170948395e-02
3.264322277093994334e-02
3.075515867881228535e-02
3.048218693046128580e-02
2.768314484111804655e-02
3.515106903571382779e-02
3.175155127324264664e-02
3.200550562205911609e-02
3.488531036756851306e-02
3.222057042962455514e-02
3.201282393050045721e-02
3.170342144170948395e-02
3.573333804462015123e-02
3.488531036756851306e-02
3.048950523890263040e-02
3.719874979543241755e-02
3.143044969335848093e-02
3.200550562205911609e-02
3.604274053341113143e-02
3.747172154378341363e-02
3.048950523890263040e-02
3.456869479857185151e-02
3.200550562205911609e-02
3.200550562205911609e-02
3.138680587271281547e-02
3.515828211591951608e-02
3.111990407934210959e-02
2.705274600067856736e-02
3.227847737041011217e-02
3.018010275011165366e-02
3.143044969335848093e-02
3.546768460471049628e-02
3.175155127324264664e-02
3.075515867881228535e-02
3.106456116760326555e-02
2.615375619453992259e-02
2.986348718111498171e-02
2.990713100176065065e-02
3.783646694431324481e-02
3.515106903571382779e-02
3.546036629626914821e-02
3.200550562205911609e-02
3.249354217797554428e-02
2.673613043168189887e-02
3.515106903571382779e-02
3.206816684223930819e-02
3.515106903571382779e-02
2.768314484111804655e-02
3.022823258164481289e-02
3.285828757850537546e-02
3.609808344514997547e-02
3.138680587271281547e-02
3.075515867881228535e-02
3.227847737041011217e-02
3.111990407934210959e-02
2.986348718111498171e-02
2.710808891241741833e-02
3.604274053341113143e-02
3.484166654692284759e-02
2.647037176353658761e-02
3.017288966990596191e-02
2.673613043168189887e-02
2.615375619453992259e-02
2.615375619453992259e-02
3.227847737041011217e-02
3.573333804462015123e-02
2.704542769223722276e-02
3.054484815064148137e-02
3.018010275011165366e-02
3.285828757850537546e-02
3.200550562205911609e-02
2.990713100176065065e-02
3.552302751644934725e-02
3.143044969335848093e-02
3.401686086957337457e-02
2.959051543276398563e-02
2.986348718111498171e-02
3.048950523890263040e-02
2.731839944058822231e-02
3.515106903571382779e-02
3.201282393050045721e-02
3.017288966990596191e-02
2.679147334342074985e-02
3.778112403257439383e-02
2.990713100176065065e-02
3.169620836150379567e-02
3.456869479857185151e-02
3.552302751644934725e-02
3.054484815064148137e-02
3.170342144170948395e-02
2.674334351188759062e-02
3.138680587271281547e-02
2.990713100176065065e-02
2.942152834028131589e-02
3.552302751644934725e-02
2.905678293975148471e-02
3.175155127324264664e-02
3.200550562205911609e-02
3.111383412436181592e-02
2.647037176353658761e-02
2.642672794289091867e-02
3.249354217797554428e-02
2.959051543276398563e-02
3.573333804462015123e-02
3.017288966990596191e-02
3.783646694431324481e-02
3.175155127324264664e-02
3.488531036756851306e-02
3.017288966990596191e-02
3.169620836150379567e-02
3.222057042962455514e-02
3.206816684223930819e-02
3.515828211591951608e-02
2.615375619453992259e-02
3.604274053341113143e-02
3.552302751644934725e-02
3.017288966990596191e-02
3.778112403257439383e-02
2.642672794289091867e-02
3.227847737041011217e-02
3.546768460471049628e-02
2.705274600067856736e-02
3.484166654692284759e-02
2.647037176353658761e-02
3.456869479857185151e-02
3.432626335836436171e-02
3.546768460471049628e-02
3.484166654692284759e-02
3.546036629626914821e-02
2.647037176353658761e-02
3.280294466676653142e-02
3.175155127324264664e-02
3.054484815064148137e-02
3.170342144170948395e-02
3.456869479857185151e-02
3.022823258164481289e-02
2.647037176353658761e-02
3.778112403257439383e-02
3.111990407934210959e-02
3.401686086957337457e-02
3.111990407934210959e-02
2.710808891241741833e-02
3.048950523890263040e-02
3.546768460471049628e-02
2.647037176353658761e-02
3.054484815064148137e-02
3.048950523890263040e-02
3.484166654692284759e-02
3.143044969335848093e-02
3.018010275011165366e-02
2.959051543276398563e-02
3.285828757850537546e-02
3.520641194745267877e-02
3.604274053341113143e-02
3.169620836150379567e-02
3.552302751644934725e-02
3.138680587271281547e-02
3.111383412436181592e-02
3.170342144170948395e-02
2.642672794289091867e-02
3.206816684223930819e-02
2.704542769223722276e-02
3.484166654692284759e-02
3.484166654692284759e-02
2.674334351188759062e-02
3.022823258164481289e-02
3.552302751644934725e-02
2.642672794289091867e-02
3.432626335836436171e-02
3.546768460471049628e-02
3.546036629626914821e-02
3.018010275011165366e-02
3.432626335836436171e-02
3.022823258164481289e-02
3.018010275011165366e-02
2.731839944058822231e-02
3.456869479857185151e-02
3.075515867881228535e-02
3.138680587271281547e-02
3.488531036756851306e-02
3.285828757850537546e-02
3.138680587271281547e-02
2.705274600067856736e-02
3.111990407934210959e-02
2.642672794289091867e-02
3.143044969335848093e-02
3.515828211591951608e-02
2.942152834028131589e-02
2.990713100176065065e-02
3.143044969335848093e-02
2.674334351188759062e-02
2.705274600067856736e-02
3.432626335836436171e-02
3.573333804462015123e-02
3.604274053341113143e-02
3.546768460471049628e-02
2.959051543276398563e-02
3.111990407934210959e-02
2.674334351188759062e-02
3.048950523890263040e-02
2.647037176353658761e-02
3.546768460471049628e-02
2.705274600067856736e-02
3.200550562205911609e-02
3.111383412436181592e-02
3.573333804462015123e-02
3.169620836150379567e-02
3.138680587271281547e-02
3.747172154378341363e-02
3.169620836150379567e-02
3.022823258164481289e-02
3.048218693046128580e-02
3.017288966990596191e-02
3.170342144170948395e-02
3.374388912122238543e-02
2.642672794289091867e-02
3.048218693046128580e-02
2.959051543276398563e-02
2.731839944058822231e-02
2.679147334342074985e-02
2.674334351188759062e-02
3.206816684223930819e-02
3.609808344514997547e-02
3.170342144170948395e-02
2.710808891241741833e-02
3.374388912122238543e-02
3.783646694431324481e-02
3.374388912122238543e-02
3.143044969335848093e-02
3.048950523890263040e-02
2.990713100176065065e-02
2.959051543276398563e-02
3.552302751644934725e-02
2.905678293975148471e-02
3.017288966990596191e-02
3.054484815064148137e-02
3.747172154378341363e-02
3.175155127324264664e-02
3.520641194745267877e-02
3.515106903571382779e-02
3.111383412436181592e-02
3.054484815064148137e-02
3.520641194745267877e-02
3.169620836150379567e-02
3.488531036756851306e-02
2.679147334342074985e-02
3.609808344514997547e-02
3.138680587271281547e-02
3.017288966990596191e-02
2.905678293975148471e-02
3.170342144170948395e-02
2.986348718111498171e-02
3.573333804462015123e-02
3.515828211591951608e-02
3.143044969335848093e-02
2.679147334342074985e-02
3.280294466676653142e-02
3.017288966990596191e-02
3.111990407934210959e-02
3.552302751644934725e-02
2.905678293975148471e-02
3.111383412436181592e-02
3.222057042962455514e-02
3.048950523890263040e-02
3.169620836150379567e-02
3.609808344514997547e-02
3.022823258164481289e-02
3.143044969335848093e-02
2.905678293975148471e-02
2.959051543276398563e-02
3.222057042962455514e-02
3.018010275011165366e-02
3.175155127324264664e-02
3.747172154378341363e-02
3.169620836150379567e-02
2.768314484111804655e-02
3.017288966990596191e-02
3.048950523890263040e-02
3.143044969335848093e-02
3.552302751644934725e-02
3.432626335836436171e-02
2.615375619453992259e-02
3.111990407934210959e-02
3.022823258164481289e-02
3.258787985920109237e-02
3.401686086957337457e-02
3.227847737041011217e-02
3.401686086957337457e-02
2.642672794289091867e-02
2.878381119140048863e-02
3.017288966990596191e-02
3.573333804462015123e-02
3.169620836150379567e-02
2.642672794289091867e-02
3.200550562205911609e-02
3.075515867881228535e-02
3.520641194745267877e-02
2.704542769223722276e-02
2.762780192937920251e-02
3.018010275011165366e-02
3.488531036756851306e-02
3.520641194745267877e-02
3.054484815064148137e-02
3.456869479857185151e-02
2.768314484111804655e-02
2.731839944058822231e-02
3.249354217797554428e-02
3.488531036756851306e-02
3.552302751644934725e-02
2.710808891241741833e-02
3.546768460471049628e-02
3.017288966990596191e-02
3.143044969335848093e-02
2.878381119140048863e-02
3.285828757850537546e-02
3.484166654692284759e-02
2.731839944058822231e-02
3.048218693046128580e-02
3.747172154378341363e-02
3.200550562205911609e-02
2.959051543276398563e-02
3.175155127324264664e-02
3.206816684223930819e-02
3.515828211591951608e-02
2.878381119140048863e-02
3.048218693046128580e-02
3.227847737041011217e-02
2.986348718111498171e-02
3.170342144170948395e-02
3.515828211591951608e-02
3.484166654692284759e-02
3.747172154378341363e-02
3.609808344514997547e-02
2.679147334342074985e-02
2.615375619453992259e-02
3.201282393050045721e-02
3.143044969335848093e-02
3.438160627010320575e-02
3.206816684223930819e-02
2.642672794289091867e-02
2.990713100176065065e-02
3.048218693046128580e-02
2.762780192937920251e-02
2.647037176353658761e-02
3.604274053341113143e-02
2.710808891241741833e-02
3.201282393050045721e-02
2.710808891241741833e-02
2.679147334342074985e-02
2.674334351188759062e-02
3.170342144170948395e-02
3.249354217797554428e-02
3.546768460471049628e-02
2.986348718111498171e-02
3.264322277093994334e-02
3.111383412436181592e-02
2.705274600067856736e-02
3.552302751644934725e-02
2.990713100176065065e-02
3.022823258164481289e-02
3.515828211591951608e-02
3.783646694431324481e-02
3.175155127324264664e-02
3.432626335836436171e-02
3.138680587271281547e-02
2.959051543276398563e-02
3.401686086957337457e-02
3.609808344514997547e-02
3.401686086957337457e-02
3.747172154378341363e-02
2.942152834028131589e-02
2.936618542854246838e-02
3.374388912122238543e-02
3.285828757850537546e-02
2.990713100176065065e-02
2.673613043168189887e-02
2.642672794289091867e-02
2.615375619453992259e-02
2.673613043168189887e-02
3.515828211591951608e-02
3.175155127324264664e-02
3.201282393050045721e-02
2.942152834028131589e-02
3.546768460471049628e-02
3.018010275011165366e-02
3.169620836150379567e-02
3.264322277093994334e-02
3.201282393050045721e-02
3.048218693046128580e-02
2.959051543276398563e-02
3.249354217797554428e-02
2.704542769223722276e-02
3.258787985920109237e-02
3.201282393050045721e-02
3.285828757850537546e-02
3.175155127324264664e-02
3.546768460471049628e-02
3.515828211591951608e-02
3.175155127324264664e-02
3.138680587271281547e-02
3.169620836150379567e-02
3.552302751644934725e-02
3.515106903571382779e-02
3.111990407934210959e-02
2.647037176353658761e-02
3.138680587271281547e-02
3.719874979543241755e-02
2.647037176353658761e-02
2.642672794289091867e-02
3.604274053341113143e-02
3.747172154378341363e-02
3.488531036756851306e-02
3.018010275011165366e-02
3.018010275011165366e-02
3.201282393050045721e-02
2.878381119140048863e-02
2.959051543276398563e-02
2.762780192937920251e-02
3.201282393050045721e-02
2.878381119140048863e-02
3.201282393050045721e-02
3.515828211591951608e-02
3.022823258164481289e-02
3.515828211591951608e-02
3.206816684223930819e-02
2.615375619453992259e-02
3.546768460471049628e-02
2.905678293975148471e-02
2.674334351188759062e-02
3.201282393050045721e-02
3.169620836150379567e-02
3.520641194745267877e-02
3.138680587271281547e-02
3.515828211591951608e-02
2.679147334342074985e-02
2.642672794289091867e-02
2.673613043168189887e-02
2.642672794289091867e-02
2.674334351188759062e-02
3.515106903571382779e-02
3.280294466676653142e-02
3.138680587271281547e-02
2.674334351188759062e-02
3.520641194745267877e-02
2.905678293975148471e-02
3.018010275011165366e-02
3.258787985920109237e-02
3.111383412436181592e-02
3.552302751644934725e-02
2.679147334342074985e-02
3.054484815064148137e-02
3.175155127324264664e-02
3.206816684223930819e-02
2.673613043168189887e-02
3.170342144170948395e-02
2.986348718111498171e-02
3.143044969335848093e-02
3.456869479857185151e-02
3.778112403257439383e-02
3.022823258164481289e-02
3.017288966990596191e-02
3.200550562205911609e-02
3.201282393050045721e-02
2.959051543276398563e-02
3.143044969335848093e-02
3.022823258164481289e-02
3.783646694431324481e-02
3.552302751644934725e-02
2.679147334342074985e-02
2.679147334342074985e-02
3.515106903571382779e-02
2.674334351188759062e-02
3.515828211591951608e-02
2.959051543276398563e-02
2.768314484111804655e-02
2.986348718111498171e-02
2.679147334342074985e-02
3.515106903571382779e-02
3.573333804462015123e-02
2.990713100176065065e-02
2.705274600067856736e-02
3.747172154378341363e-02
3.488531036756851306e-02
2.679147334342074985e-02
2.986348718111498171e-02
2.642672794289091867e-02
2.936618542854246838e-02
2.878381119140048863e-02
3.401686086957337457e-02
2.710808891241741833e-02
3.175155127324264664e-02
3.515828211591951608e-02
3.206816684223930819e-02
3.401686086957337457e-02
3.206816684223930819e-02
3.401686086957337457e-02
3.022823258164481289e-02
3.201282393050045721e-02
3.170342144170948395e-02
2.615375619453992259e-02
2.942152834028131589e-02
3.778112403257439383e-02
3.111383412436181592e-02
2.710808891241741833e-02
2.942152834028131589e-02
3.138680587271281547e-02
2.936618542854246838e-02
3.017288966990596191e-02
3.175155127324264664e-02
2.679147334342074985e-02
3.170342144170948395e-02
3.048218693046128580e-02
3.054484815064148137e-02
3.022823258164481289e-02
3.488531036756851306e-02
3.747172154378341363e-02
2.673613043168189887e-02
3.249354217797554428e-02
2.674334351188759062e-02
3.143044969335848093e-02
2.647037176353658761e-02
3.018010275011165366e-02
3.285828757850537546e-02
2.936618542854246838e-02
3.175155127324264664e-02
3.604274053341113143e-02
3.604274053341113143e-02
3.222057042962455514e-02
3.227847737041011217e-02
2.959051543276398563e-02
3.018010275011165366e-02
2.647037176353658761e-02
2.615375619453992259e-02
3.552302751644934725e-02
3.022823258164481289e-02
2.615375619453992259e-02
3.401686086957337457e-02
3.170342144170948395e-02
2.762780192937920251e-02
2.959051543276398563e-02
3.201282393050045721e-02
3.175155127324264664e-02
3.017288966990596191e-02
3.143044969335848093e-02
2.674334351188759062e-02
3.175155127324264664e-02
2.878381119140048863e-02
3.206816684223930819e-02
3.022823258164481289e-02
3.515106903571382779e-02
3.048950523890263040e-02
3.280294466676653142e-02
2.642672794289091867e-02
3.138680587271281547e-02
3.048950523890263040e-02
3.719874979543241755e-02
2.704542769223722276e-02
3.520641194745267877e-02
3.017288966990596191e-02
2.762780192937920251e-02
3.201282393050045721e-02
3.249354217797554428e-02
3.111383412436181592e-02
3.747172154378341363e-02
3.374388912122238543e-02
3.719874979543241755e-02
2.673613043168189887e-02
3.546768460471049628e-02
2.942152834028131589e-02
2.762780192937920251e-02
2.768314484111804655e-02
3.552302751644934725e-02
3.018010275011165366e-02
3.520641194745267877e-02
2.986348718111498171e-02
3.111383412436181592e-02
3.546036629626914821e-02
3.170342144170948395e-02
2.705274600067856736e-02
3.401686086957337457e-02
3.170342144170948395e-02
3.022823258164481289e-02
3.054484815064148137e-02
3.017288966990596191e-02
3.515106903571382779e-02
2.679147334342074985e-02
2.674334351188759062e-02
2.710808891241741833e-02
3.515106903571382779e-02
2.990713100176065065e-02
2.642672794289091867e-02
3.488531036756851306e-02
3.747172154378341363e-02
3.552302751644934725e-02
2.936618542854246838e-02
2.986348718111498171e-02
3.258787985920109237e-02
3.201282393050045721e-02
3.206816684223930819e-02
2.615375619453992259e-02
3.206816684223930819e-02
3.432626335836436171e-02
2.705274600067856736e-02
3.515828211591951608e-02
3.456869479857185151e-02
3.488531036756851306e-02
3.111990407934210959e-02
2.959051543276398563e-02
2.905678293975148471e-02
3.484166654692284759e-02
3.438160627010320575e-02
3.552302751644934725e-02
2.990713100176065065e-02
3.111990407934210959e-02
2.642672794289091867e-02
3.138680587271281547e-02
2.615375619453992259e-02
3.022823258164481289e-02
3.054484815064148137e-02
3.520641194745267877e-02
3.138680587271281547e-02
3.201282393050045721e-02
3.515828211591951608e-02
3.719874979543241755e-02
3.249354217797554428e-02
3.515106903571382779e-02
2.642672794289091867e-02
3.048950523890263040e-02
2.959051543276398563e-02
3.022823258164481289e-02
3.552302751644934725e-02
2.710808891241741833e-02
3.201282393050045721e-02
2.762780192937920251e-02
3.719874979543241755e-02
2.986348718111498171e-02
2.986348718111498171e-02
3.227847737041011217e-02
3.170342144170948395e-02
2.762780192937920251e-02
3.432626335836436171e-02
2.731839944058822231e-02
2.642672794289091867e-02
2.986348718111498171e-02
2.986348718111498171e-02
2.647037176353658761e-02
3.778112403257439383e-02
3.201282393050045721e-02
3.017288966990596191e-02
3.438160627010320575e-02
3.264322277093994334e-02
3.075515867881228535e-02
3.546036629626914821e-02
3.169620836150379567e-02
2.679147334342074985e-02
2.710808891241741833e-02
3.169620836150379567e-02
3.249354217797554428e-02
3.175155127324264664e-02
2.674334351188759062e-02
2.762780192937920251e-02
3.111990407934210959e-02
3.170342144170948395e-02
3.604274053341113143e-02
2.615375619453992259e-02
3.022823258164481289e-02
2.710808891241741833e-02
2.762780192937920251e-02
3.022823258164481289e-02
3.783646694431324481e-02
3.552302751644934725e-02
2.990713100176065065e-02
3.783646694431324481e-02
2.674334351188759062e-02
2.878381119140048863e-02
3.048950523890263040e-02
2.990713100176065065e-02
3.018010275011165366e-02
3.515828211591951608e-02
2.642672794289091867e-02
3.200550562205911609e-02
3.017288966990596191e-02
3.573333804462015123e-02
2.647037176353658761e-02
3.778112403257439383e-02
3.106456116760326555e-02
3.546768460471049628e-02
3.106456116760326555e-02
3.048950523890263040e-02
3.515828211591951608e-02
3.264322277093994334e-02
2.990713100176065065e-02
2.679147334342074985e-02
3.374388912122238543e-02
2.990713100176065065e-02
3.111383412436181592e-02
3.143044969335848093e-02
3.018010275011165366e-02
3.456869479857185151e-02
2.710808891241741833e-02
3.169620836150379567e-02
3.552302751644934725e-02
2.986348718111498171e-02
3.143044969335848093e-02
2.710808891241741833e-02
3.138680587271281547e-02
3.783646694431324481e-02
3.143044969335848093e-02
3.515828211591951608e-02
2.679147334342074985e-02
2.878381119140048863e-02
3.022823258164481289e-02
2.673613043168189887e-02
3.111383412436181592e-02
3.515106903571382779e-02
2.878381119140048863e-02
3.200550562205911609e-02
3.552302751644934725e-02
2.878381119140048863e-02
3.138680587271281547e-02
2.768314484111804655e-02
3.017288966990596191e-02
2.647037176353658761e-02
3.175155127324264664e-02
3.222057042962455514e-02
3.169620836150379567e-02
2.959051543276398563e-02
2.768314484111804655e-02
3.285828757850537546e-02
2.647037176353658761e-02
2.936618542854246838e-02
2.936618542854246838e-02
3.169620836150379567e-02
3.546768460471049628e-02
3.143044969335848093e-02
3.111383412436181592e-02
2.959051543276398563e-02
3.054484815064148137e-02
3.106456116760326555e-02
3.546768460471049628e-02
3.484166654692284759e-02
3.285828757850537546e-02
2.647037176353658761e-02
2.710808891241741833e-02
3.747172154378341363e-02
2.705274600067856736e-02
3.200550562205911609e-02
3.022823258164481289e-02
3.515828211591951608e-02
2.673613043168189887e-02
3.573333804462015123e-02
2.615375619453992259e-02
3.201282393050045721e-02
2.674334351188759062e-02
3.515106903571382779e-02
3.170342144170948395e-02
2.647037176353658761e-02
