2.381097437931796804e-02
2.448103005312568872e-02
2.040244848567147884e-02
2.501295221792843373e-02
2.578541948448296803e-02
2.589320130599648273e-02
2.275993294112870977e-02
1.961981866782410919e-02
2.523978490013041587e-02
1.881886985867184045e-02
2.750459874357570264e-02
1.654407690495067820e-02
1.817368053311963633e-02
2.306632592334301526e-02
1.817511909502269110e-02
1.867329011630286528e-02
2.306632592334301526e-02
1.908864204821461227e-02
2.275993294112870977e-02
2.447959149122263048e-02
2.578541948448296803e-02
2.342793502902573710e-02
2.275993294112870977e-02
1.654407690495067820e-02
2.525349731968022302e-02
2.288373900657624319e-02
2.261700710959759289e-02
2.642512347079922774e-02
2.397623368219271855e-02
2.514711428811847171e-02
2.736899811148260642e-02
2.895523064932010657e-02
2.501295221792843373e-02
2.194948431270175512e-02
2.288230044467319188e-02
2.275993294112870977e-02
2.197730312328133664e-02
2.289745142612605033e-02
2.895666921122316481e-02
1.907562264537461180e-02
1.722715198159839589e-02
2.289601286422299209e-02
1.998553040422431509e-02
2.040244848567147884e-02
2.063071972977651922e-02
2.275993294112870977e-02
2.162018778863854587e-02
2.040244848567147884e-02
2.434616547896620645e-02
2.161874922673549457e-02
2.842474704642041980e-02
2.235181684177349817e-02
2.288373900657624319e-02
1.882030842057489869e-02
2.197730312328133664e-02
2.634108155783884686e-02
2.895666921122316481e-02
2.248140647750450014e-02
1.722715198159839589e-02
1.975869772202233296e-02
2.447959149122263048e-02
2.514711428811847171e-02
2.342937359092879535e-02
1.817511909502269110e-02
1.787234130715060001e-02
2.434760404086926122e-02
1.998553040422431509e-02
2.501151365602537549e-02
1.817511909502269110e-02
1.973383137376681640e-02
2.514855285002152996e-02
2.869856601329607779e-02
1.762948451067014241e-02
2.197730312328133664e-02
2.434289654412071305e-02
2.289601286422299209e-02
2.288373900657624319e-02
1.961981866782410919e-02
1.827467383622234653e-02
2.605846060887123325e-02
2.117086897489312350e-02
1.574312809579840947e-02
2.642512347079922774e-02
2.687444228454465012e-02
2.634108155783884686e-02
2.462142300774492268e-02
2.306488736143995702e-02
2.117086897489312350e-02
2.040244848567147884e-02
2.525349731968022302e-02
2.235181684177349817e-02
1.817511909502269110e-02
2.181605830044533109e-02
1.867329011630286528e-02
1.787234130715060001e-02
2.670364993442343737e-02
2.053116498857686378e-02
2.523978490013041587e-02
2.634108155783884686e-02
1.908864204821461227e-02
2.434289654412071305e-02
2.434616547896620645e-02
2.261700710959759289e-02
2.035219326615230959e-02
2.634252011974190510e-02
2.342793502902573710e-02
2.275993294112870977e-02
2.053478018291908166e-02
1.762948451067014241e-02
2.288373900657624319e-02
2.063071972977651922e-02
2.448103005312568872e-02
2.226393855228769522e-02
2.289745142612605033e-02
1.908864204821461227e-02
2.143166853892878795e-02
2.211474361557650217e-02
2.197730312328133664e-02
2.356088175028097156e-02
2.197730312328133664e-02
2.117086897489312350e-02
1.973383137376681640e-02
2.306488736143995702e-02
2.117086897489312350e-02
2.162018778863854587e-02
1.975725916011927472e-02
2.514855285002152996e-02
2.261700710959759289e-02
2.356088175028097156e-02
1.975869772202233296e-02
2.342937359092879535e-02
2.683707594667986140e-02
2.120339729482374411e-02
2.514855285002152996e-02
1.867329011630286528e-02
2.289745142612605033e-02
2.306632592334301526e-02
3.131271510477733749e-02
1.817511909502269110e-02
2.120483585672680235e-02
2.275993294112870977e-02
2.605846060887123325e-02
1.817511909502269110e-02
2.226393855228769522e-02
2.589320130599648273e-02
2.501295221792843373e-02
1.867329011630286528e-02
2.063071972977651922e-02
1.762948451067014241e-02
1.827323527431929176e-02
2.036590568570211326e-02
1.962125722972716049e-02
2.248140647750450014e-02
1.975725916011927472e-02
2.525349731968022302e-02
2.342793502902573710e-02
2.736899811148260642e-02
1.654407690495067820e-02
2.642512347079922774e-02
2.687300372264159187e-02
2.514855285002152996e-02
2.605846060887123325e-02
1.628876268015096163e-02
2.542237181689718795e-02
2.869856601329607779e-02
2.289601286422299209e-02
2.261700710959759289e-02
2.381097437931796804e-02
2.235037827987044687e-02
2.895523064932010657e-02
2.370097615341400579e-02
1.975869772202233296e-02
1.787234130715060001e-02
2.736899811148260642e-02
2.261700710959759289e-02
1.961981866782410919e-02
1.708971148930323036e-02
2.288230044467319188e-02
2.525349731968022302e-02
2.288230044467319188e-02
2.162018778863854587e-02
2.248140647750450014e-02
2.514711428811847171e-02
1.628876268015096163e-02
1.975869772202233296e-02
1.961981866782410919e-02
2.670364993442343737e-02
1.973383137376681640e-02
3.131271510477733749e-02
2.447959149122263048e-02
2.053478018291908166e-02
2.895523064932010657e-02
2.261700710959759289e-02
2.397623368219271855e-02
2.120483585672680235e-02
2.542237181689718795e-02
2.288373900657624319e-02
2.523978490013041587e-02
1.574312809579840947e-02
1.827467383622234653e-02
1.762948451067014241e-02
1.509793877024620708e-02
2.642512347079922774e-02
1.867329011630286528e-02
2.226393855228769522e-02
3.131271510477733749e-02
2.053478018291908166e-02
1.574312809579840947e-02
2.226537711419074653e-02
1.654407690495067820e-02
1.574312809579840947e-02
1.708971148930323036e-02
2.642512347079922774e-02
2.226537711419074653e-02
1.509793877024620708e-02
2.035219326615230959e-02
2.162018778863854587e-02
1.973383137376681640e-02
2.356088175028097156e-02
2.036590568570211326e-02
2.306632592334301526e-02
2.869856601329607779e-02
2.634108155783884686e-02
1.962125722972716049e-02
2.523978490013041587e-02
1.827323527431929176e-02
1.628876268015096163e-02
2.670364993442343737e-02
2.514855285002152996e-02
1.564357335459875750e-02
1.654407690495067820e-02
1.907562264537461180e-02
3.131271510477733749e-02
1.817368053311963633e-02
1.998553040422431509e-02
1.564357335459875750e-02
1.961981866782410919e-02
2.895666921122316481e-02
2.642512347079922774e-02
2.063071972977651922e-02
2.470786273532767086e-02
2.288373900657624319e-02
2.462142300774492268e-02
2.036590568570211326e-02
1.762804594876708764e-02
2.181605830044533109e-02
1.817368053311963633e-02
2.289601286422299209e-02
1.762804594876708764e-02
1.762804594876708764e-02
2.514855285002152996e-02
2.053478018291908166e-02
1.907418408347155703e-02
3.078079293997458901e-02
2.434760404086926122e-02
2.642512347079922774e-02
2.356088175028097156e-02
2.226537711419074653e-02
2.261700710959759289e-02
2.736899811148260642e-02
1.908864204821461227e-02
2.605846060887123325e-02
2.525349731968022302e-02
2.514711428811847171e-02
1.564357335459875750e-02
1.882030842057489869e-02
1.882030842057489869e-02
1.975725916011927472e-02
2.226393855228769522e-02
1.722715198159839589e-02
1.998553040422431509e-02
2.275993294112870977e-02
2.842474704642041980e-02
2.842330848451736156e-02
2.162018778863854587e-02
2.842474704642041980e-02
2.578541948448296803e-02
2.736899811148260642e-02
1.817511909502269110e-02
2.035219326615230959e-02
1.762948451067014241e-02
2.289745142612605033e-02
2.275993294112870977e-02
2.036590568570211326e-02
2.063071972977651922e-02
2.370241471531706057e-02
2.288230044467319188e-02
2.434289654412071305e-02
2.197730312328133664e-02
1.722715198159839589e-02
2.226537711419074653e-02
2.923048817809882280e-02
1.564357335459875750e-02
1.762948451067014241e-02
1.881886985867184045e-02
2.040244848567147884e-02
2.514711428811847171e-02
2.306632592334301526e-02
2.226393855228769522e-02
1.908864204821461227e-02
2.036590568570211326e-02
2.895523064932010657e-02
1.574312809579840947e-02
1.882030842057489869e-02
2.370097615341400579e-02
2.736899811148260642e-02
3.131271510477733749e-02
2.040388704757453361e-02
1.762804594876708764e-02
2.181605830044533109e-02
1.975725916011927472e-02
1.907562264537461180e-02
2.683707594667986140e-02
2.288373900657624319e-02
2.842474704642041980e-02
2.117635431412906791e-02
2.181605830044533109e-02
2.162018778863854587e-02
2.842330848451736156e-02
2.381097437931796804e-02
2.235181684177349817e-02
2.462142300774492268e-02
2.306632592334301526e-02
2.736899811148260642e-02
1.708971148930323036e-02
2.211474361557650217e-02
2.288230044467319188e-02
2.040244848567147884e-02
2.750459874357570264e-02
2.370097615341400579e-02
2.040388704757453361e-02
1.907418408347155703e-02
2.381097437931796804e-02
2.842330848451736156e-02
1.908864204821461227e-02
1.787234130715060001e-02
2.447959149122263048e-02
1.628876268015096163e-02
2.542237181689718795e-02
2.447959149122263048e-02
2.736899811148260642e-02
2.462142300774492268e-02
2.514711428811847171e-02
1.509793877024620708e-02
2.750459874357570264e-02
2.162018778863854587e-02
1.982027110134956457e-02
2.687300372264159187e-02
2.434616547896620645e-02
1.762948451067014241e-02
2.117635431412906791e-02
2.117086897489312350e-02
2.923048817809882280e-02
2.642512347079922774e-02
2.181605830044533109e-02
2.226393855228769522e-02
2.289601286422299209e-02
2.342937359092879535e-02
2.261700710959759289e-02
1.708971148930323036e-02
1.628876268015096163e-02
2.235181684177349817e-02
3.078079293997458901e-02
2.525349731968022302e-02
2.842330848451736156e-02
1.982027110134956457e-02
2.523978490013041587e-02
1.722715198159839589e-02
2.162018778863854587e-02
2.642512347079922774e-02
1.817511909502269110e-02
2.687444228454465012e-02
2.143166853892878795e-02
2.869856601329607779e-02
2.288373900657624319e-02
1.574312809579840947e-02
2.181605830044533109e-02
2.289601286422299209e-02
2.397623368219271855e-02
2.448103005312568872e-02
1.907562264537461180e-02
2.226537711419074653e-02
2.194948431270175512e-02
2.248140647750450014e-02
2.736899811148260642e-02
2.356088175028097156e-02
2.589320130599648273e-02
2.036590568570211326e-02
2.634252011974190510e-02
2.356088175028097156e-02
1.817368053311963633e-02
2.634252011974190510e-02
2.683707594667986140e-02
1.722715198159839589e-02
1.722715198159839589e-02
2.687444228454465012e-02
2.289745142612605033e-02
1.817511909502269110e-02
2.040244848567147884e-02
1.867329011630286528e-02
2.040244848567147884e-02
2.370241471531706057e-02
3.078079293997458901e-02
2.397623368219271855e-02
2.053478018291908166e-02
2.589320130599648273e-02
1.827467383622234653e-02
2.501151365602537549e-02
1.881886985867184045e-02
1.827467383622234653e-02
2.434760404086926122e-02
2.356088175028097156e-02
1.564357335459875750e-02
3.131271510477733749e-02
2.370097615341400579e-02
2.288373900657624319e-02
2.750459874357570264e-02
2.736899811148260642e-02
1.564357335459875750e-02
2.194948431270175512e-02
2.462142300774492268e-02
2.040388704757453361e-02
2.642512347079922774e-02
1.722715198159839589e-02
2.053116498857686378e-02
2.117635431412906791e-02
2.226537711419074653e-02
2.120339729482374411e-02
2.288230044467319188e-02
2.514855285002152996e-02
2.642512347079922774e-02
2.736899811148260642e-02
2.523978490013041587e-02
2.736899811148260642e-02
2.578541948448296803e-02
2.578541948448296803e-02
2.053478018291908166e-02
1.817511909502269110e-02
2.370097615341400579e-02
2.143166853892878795e-02
1.882030842057489869e-02
1.654407690495067820e-02
2.750459874357570264e-02
2.181605830044533109e-02
1.962125722972716049e-02
2.306632592334301526e-02
2.036590568570211326e-02
1.907562264537461180e-02
1.998553040422431509e-02
2.923048817809882280e-02
2.842474704642041980e-02
2.514855285002152996e-02
2.036590568570211326e-02
2.370241471531706057e-02
1.827467383622234653e-02
2.342937359092879535e-02
2.117635431412906791e-02
2.306488736143995702e-02
2.143166853892878795e-02
2.434289654412071305e-02
2.514711428811847171e-02
2.687444228454465012e-02
1.973383137376681640e-02
2.288230044467319188e-02
2.143166853892878795e-02
2.306632592334301526e-02
2.462142300774492268e-02
2.275993294112870977e-02
2.235037827987044687e-02
1.982027110134956457e-02
2.434289654412071305e-02
1.961981866782410919e-02
1.962125722972716049e-02
1.973383137376681640e-02
2.501295221792843373e-02
2.448103005312568872e-02
2.370097615341400579e-02
2.181605830044533109e-02
2.053478018291908166e-02
1.961981866782410919e-02
1.628876268015096163e-02
2.162018778863854587e-02
1.882030842057489869e-02
2.036590568570211326e-02
2.397623368219271855e-02
2.605846060887123325e-02
2.923048817809882280e-02
2.036590568570211326e-02
2.589320130599648273e-02
2.501151365602537549e-02
2.514711428811847171e-02
2.589320130599648273e-02
2.289745142612605033e-02
3.078079293997458901e-02
2.248140647750450014e-02
2.501151365602537549e-02
2.687444228454465012e-02
2.162018778863854587e-02
1.827467383622234653e-02
2.356088175028097156e-02
2.736899811148260642e-02
2.120483585672680235e-02
1.975725916011927472e-02
2.288373900657624319e-02
2.736899811148260642e-02
2.063071972977651922e-02
1.817511909502269110e-02
1.628876268015096163e-02
1.961981866782410919e-02
2.605846060887123325e-02
1.962125722972716049e-02
2.040388704757453361e-02
1.628876268015096163e-02
2.869856601329607779e-02
2.288373900657624319e-02
2.687300372264159187e-02
2.035219326615230959e-02
2.036590568570211326e-02
2.683707594667986140e-02
1.574312809579840947e-02
2.514711428811847171e-02
2.501295221792843373e-02
2.289745142612605033e-02
2.470786273532767086e-02
2.226537711419074653e-02
2.211474361557650217e-02
2.035219326615230959e-02
2.181605830044533109e-02
2.053116498857686378e-02
2.248140647750450014e-02
2.235037827987044687e-02
2.036590568570211326e-02
1.762948451067014241e-02
2.589320130599648273e-02
2.542237181689718795e-02
2.670364993442343737e-02
2.226393855228769522e-02
2.248140647750450014e-02
1.564357335459875750e-02
2.235037827987044687e-02
2.161874922673549457e-02
2.248140647750450014e-02
3.078079293997458901e-02
2.370241471531706057e-02
2.381097437931796804e-02
2.447959149122263048e-02
1.827467383622234653e-02
2.869856601329607779e-02
1.881886985867184045e-02
2.248140647750450014e-02
1.787234130715060001e-02
2.181605830044533109e-02
1.628876268015096163e-02
2.053116498857686378e-02
2.226393855228769522e-02
1.564357335459875750e-02
2.578541948448296803e-02
2.448103005312568872e-02
2.842330848451736156e-02
2.288373900657624319e-02
2.117635431412906791e-02
2.181605830044533109e-02
1.975725916011927472e-02
2.194948431270175512e-02
2.370241471531706057e-02
2.634252011974190510e-02
2.397623368219271855e-02
2.578541948448296803e-02
2.181605830044533109e-02
2.035219326615230959e-02
2.342937359092879535e-02
2.117635431412906791e-02
1.907562264537461180e-02
2.289745142612605033e-02
2.750459874357570264e-02
2.736899811148260642e-02
2.248140647750450014e-02
2.194948431270175512e-02
1.975725916011927472e-02
1.975725916011927472e-02
2.434616547896620645e-02
2.181605830044533109e-02
1.908864204821461227e-02
2.397623368219271855e-02
1.564357335459875750e-02
2.261700710959759289e-02
2.226537711419074653e-02
2.683707594667986140e-02
2.053478018291908166e-02
1.962125722972716049e-02
2.605846060887123325e-02
2.161874922673549457e-02
2.248140647750450014e-02
2.687444228454465012e-02
2.447959149122263048e-02
1.975869772202233296e-02
2.589320130599648273e-02
2.683707594667986140e-02
2.448103005312568872e-02
2.687444228454465012e-02
2.211474361557650217e-02
1.882030842057489869e-02
2.226537711419074653e-02
1.762804594876708764e-02
2.501151365602537549e-02
2.895666921122316481e-02
2.342793502902573710e-02
2.040388704757453361e-02
1.817368053311963633e-02
2.370097615341400579e-02
2.342937359092879535e-02
2.397623368219271855e-02
2.035219326615230959e-02
2.842474704642041980e-02
2.289745142612605033e-02
2.181605830044533109e-02
2.642512347079922774e-02
1.817368053311963633e-02
2.923048817809882280e-02
2.434616547896620645e-02
1.827467383622234653e-02
2.525349731968022302e-02
2.842474704642041980e-02
2.040244848567147884e-02
1.722715198159839589e-02
1.762948451067014241e-02
1.867329011630286528e-02
2.063071972977651922e-02
2.523978490013041587e-02
2.462142300774492268e-02
1.827323527431929176e-02
2.053116498857686378e-02
2.356088175028097156e-02
1.762804594876708764e-02
2.687444228454465012e-02
2.634252011974190510e-02
1.708971148930323036e-02
2.434616547896620645e-02
2.501295221792843373e-02
2.162018778863854587e-02
2.235181684177349817e-02
2.634108155783884686e-02
1.975869772202233296e-02
2.342937359092879535e-02
2.040388704757453361e-02
2.211474361557650217e-02
1.762948451067014241e-02
2.117635431412906791e-02
2.578541948448296803e-02
2.289601286422299209e-02
2.040388704757453361e-02
1.973383137376681640e-02
2.035219326615230959e-02
1.817368053311963633e-02
1.827323527431929176e-02
2.161874922673549457e-02
2.736899811148260642e-02
2.448103005312568872e-02
1.787234130715060001e-02
2.288230044467319188e-02
2.161874922673549457e-02
2.288230044467319188e-02
1.762948451067014241e-02
2.194948431270175512e-02
3.078079293997458901e-02
2.750459874357570264e-02
1.509793877024620708e-02
2.226537711419074653e-02
2.289601286422299209e-02
2.687444228454465012e-02
2.434760404086926122e-02
2.211474361557650217e-02
2.275993294112870977e-02
2.162018778863854587e-02
1.564357335459875750e-02
2.397623368219271855e-02
2.040244848567147884e-02
1.908864204821461227e-02
2.226393855228769522e-02
2.683707594667986140e-02
2.306632592334301526e-02
2.578541948448296803e-02
2.235037827987044687e-02
2.289745142612605033e-02
2.040388704757453361e-02
2.370241471531706057e-02
2.342937359092879535e-02
2.289601286422299209e-02
1.973383137376681640e-02
2.117086897489312350e-02
2.514711428811847171e-02
2.514855285002152996e-02
2.289601286422299209e-02
1.827467383622234653e-02
2.194948431270175512e-02
2.226537711419074653e-02
2.514711428811847171e-02
2.117635431412906791e-02
1.762804594876708764e-02
2.397623368219271855e-02
2.434760404086926122e-02
2.448103005312568872e-02
2.381097437931796804e-02
2.035219326615230959e-02
2.923048817809882280e-02
1.564357335459875750e-02
2.161874922673549457e-02
2.842474704642041980e-02
2.683707594667986140e-02
1.787234130715060001e-02
2.525349731968022302e-02
2.288230044467319188e-02
1.722715198159839589e-02
2.542237181689718795e-02
2.381097437931796804e-02
2.683707594667986140e-02
2.235037827987044687e-02
2.248140647750450014e-02
1.882030842057489869e-02
2.036590568570211326e-02
2.226537711419074653e-02
2.397623368219271855e-02
1.827323527431929176e-02
2.523978490013041587e-02
2.578541948448296803e-02
2.501295221792843373e-02
2.143166853892878795e-02
1.982027110134956457e-02
1.867329011630286528e-02
1.975725916011927472e-02
2.447959149122263048e-02
1.817511909502269110e-02
3.131271510477733749e-02
2.923048817809882280e-02
1.762804594876708764e-02
1.762948451067014241e-02
3.078079293997458901e-02
2.288230044467319188e-02
1.817511909502269110e-02
2.842474704642041980e-02
1.961981866782410919e-02
2.642512347079922774e-02
2.687444228454465012e-02
2.261700710959759289e-02
2.448103005312568872e-02
2.226393855228769522e-02
2.578541948448296803e-02
1.973383137376681640e-02
2.462142300774492268e-02
2.869856601329607779e-02
2.197730312328133664e-02
1.509793877024620708e-02
2.342793502902573710e-02
2.470786273532767086e-02
1.827323527431929176e-02
2.035219326615230959e-02
2.842330848451736156e-02
2.542237181689718795e-02
2.605846060887123325e-02
1.982027110134956457e-02
2.434289654412071305e-02
2.289745142612605033e-02
2.736899811148260642e-02
2.514711428811847171e-02
2.434289654412071305e-02
2.462142300774492268e-02
2.162018778863854587e-02
1.817511909502269110e-02
1.787234130715060001e-02
2.397623368219271855e-02
2.634252011974190510e-02
2.162018778863854587e-02
2.248140647750450014e-02
2.235181684177349817e-02
2.381097437931796804e-02
2.342793502902573710e-02
2.895523064932010657e-02
1.975725916011927472e-02
1.867329011630286528e-02
2.356088175028097156e-02
2.342793502902573710e-02
2.235181684177349817e-02
2.397623368219271855e-02
1.961981866782410919e-02
2.501295221792843373e-02
2.514855285002152996e-02
1.908864204821461227e-02
2.501295221792843373e-02
2.589320130599648273e-02
2.501151365602537549e-02
2.370097615341400579e-02
2.053478018291908166e-02
2.750459874357570264e-02
2.642512347079922774e-02
2.397623368219271855e-02
1.762804594876708764e-02
1.827467383622234653e-02
3.131271510477733749e-02
2.197730312328133664e-02
2.736899811148260642e-02
2.036590568570211326e-02
1.962125722972716049e-02
3.078079293997458901e-02
1.817368053311963633e-02
2.261700710959759289e-02
2.306488736143995702e-02
2.226393855228769522e-02
2.605846060887123325e-02
2.434289654412071305e-02
1.762948451067014241e-02
3.131271510477733749e-02
2.248140647750450014e-02
2.356088175028097156e-02
2.120483585672680235e-02
2.161874922673549457e-02
1.509793877024620708e-02
2.542237181689718795e-02
2.634252011974190510e-02
2.161874922673549457e-02
2.525349731968022302e-02
2.036590568570211326e-02
2.642512347079922774e-02
2.895666921122316481e-02
2.634108155783884686e-02
2.501151365602537549e-02
3.131271510477733749e-02
2.040388704757453361e-02
1.817511909502269110e-02
2.578541948448296803e-02
2.670364993442343737e-02
2.306488736143995702e-02
2.895523064932010657e-02
2.750459874357570264e-02
2.923048817809882280e-02
1.817511909502269110e-02
2.842474704642041980e-02
2.670364993442343737e-02
1.574312809579840947e-02
2.370097615341400579e-02
1.998553040422431509e-02
2.642512347079922774e-02
2.040388704757453361e-02
2.447959149122263048e-02
1.787234130715060001e-02
2.089782785050485828e-02
2.501295221792843373e-02
3.131271510477733749e-02
2.120483585672680235e-02
1.708971148930323036e-02
2.235181684177349817e-02
1.907418408347155703e-02
3.131271510477733749e-02
2.275993294112870977e-02
1.961981866782410919e-02
1.564357335459875750e-02
2.634108155783884686e-02
2.261700710959759289e-02
2.120483585672680235e-02
2.687444228454465012e-02
1.867329011630286528e-02
2.842474704642041980e-02
1.708971148930323036e-02
1.817368053311963633e-02
2.448103005312568872e-02
2.275993294112870977e-02
1.827467383622234653e-02
1.882030842057489869e-02
2.687300372264159187e-02
2.589320130599648273e-02
1.882030842057489869e-02
1.722715198159839589e-02
2.036590568570211326e-02
2.194948431270175512e-02
2.895523064932010657e-02
2.501295221792843373e-02
2.120339729482374411e-02
1.628876268015096163e-02
2.035219326615230959e-02
2.275993294112870977e-02
2.288230044467319188e-02
2.842474704642041980e-02
2.434289654412071305e-02
2.288373900657624319e-02
2.397623368219271855e-02
2.248140647750450014e-02
1.762948451067014241e-02
2.197730312328133664e-02
1.908864204821461227e-02
2.447959149122263048e-02
2.197730312328133664e-02
1.708971148930323036e-02
2.869856601329607779e-02
2.869856601329607779e-02
2.542237181689718795e-02
1.817368053311963633e-02
2.923048817809882280e-02
2.181605830044533109e-02
2.063071972977651922e-02
1.827323527431929176e-02
1.722715198159839589e-02
1.762948451067014241e-02
1.762948451067014241e-02
2.605846060887123325e-02
2.683707594667986140e-02
2.289745142612605033e-02
1.827467383622234653e-02
2.397623368219271855e-02
1.975869772202233296e-02
2.895523064932010657e-02
2.235181684177349817e-02
2.434616547896620645e-02
2.578541948448296803e-02
2.356088175028097156e-02
2.306488736143995702e-02
2.235181684177349817e-02
1.982027110134956457e-02
2.869856601329607779e-02
2.211474361557650217e-02
2.040388704757453361e-02
2.035219326615230959e-02
2.035219326615230959e-02
2.275993294112870977e-02
2.447959149122263048e-02
2.434616547896620645e-02
2.895523064932010657e-02
2.470786273532767086e-02
1.708971148930323036e-02
2.397623368219271855e-02
2.578541948448296803e-02
1.975869772202233296e-02
2.211474361557650217e-02
2.370097615341400579e-02
1.574312809579840947e-02
2.053478018291908166e-02
2.288373900657624319e-02
2.211474361557650217e-02
2.117635431412906791e-02
2.447959149122263048e-02
1.722715198159839589e-02
2.523978490013041587e-02
2.750459874357570264e-02
1.722715198159839589e-02
1.708971148930323036e-02
2.842330848451736156e-02
1.762948451067014241e-02
2.261700710959759289e-02
2.683707594667986140e-02
2.642512347079922774e-02
2.670364993442343737e-02
2.923048817809882280e-02
1.762948451067014241e-02
1.827467383622234653e-02
2.634108155783884686e-02
2.687300372264159187e-02
2.514855285002152996e-02
2.895666921122316481e-02
2.040388704757453361e-02
1.908864204821461227e-02
1.975869772202233296e-02
2.605846060887123325e-02
2.261700710959759289e-02
2.053116498857686378e-02
2.117086897489312350e-02
2.289745142612605033e-02
1.509793877024620708e-02
2.589320130599648273e-02
2.342793502902573710e-02
1.975869772202233296e-02
2.605846060887123325e-02
2.053116498857686378e-02
2.342937359092879535e-02
2.235181684177349817e-02
2.288373900657624319e-02
2.523978490013041587e-02
2.869856601329607779e-02
1.708971148930323036e-02
2.342937359092879535e-02
2.501151365602537549e-02
2.053116498857686378e-02
1.827323527431929176e-02
2.434289654412071305e-02
1.762948451067014241e-02
2.514711428811847171e-02
2.053478018291908166e-02
2.120339729482374411e-02
2.370241471531706057e-02
2.736899811148260642e-02
1.961981866782410919e-02
2.235181684177349817e-02
2.434289654412071305e-02
2.275993294112870977e-02
1.907562264537461180e-02
2.248140647750450014e-02
1.787234130715060001e-02
2.434760404086926122e-02
2.117086897489312350e-02
1.762804594876708764e-02
2.117635431412906791e-02
2.605846060887123325e-02
2.542237181689718795e-02
