1.558111183300606335e-02
1.767212211866858729e-02
1.682861033995138034e-02
1.430691551421708896e-02
1.654841769536776266e-02
1.692082028383314063e-02
1.638155775535864861e-02
1.411302267728211865e-02
1.497632371644707153e-02
1.815101475244168538e-02
1.718353723517128742e-02
1.730337711459700029e-02
1.503670665532317804e-02
1.533687439277799450e-02
1.877315023160215646e-02
1.973779588414890235e-02
1.654841769536776266e-02
1.604695119916499380e-02
1.698718947259087939e-02
1.602849546576343501e-02
1.632742161259587849e-02
1.411464700475467161e-02
1.769230353924846830e-02
1.460227401374072573e-02
2.127663183303564812e-02
1.326301534252704445e-02
1.873530908915321813e-02
1.923684005663987492e-02
1.607280788307873312e-02
1.434845394736060722e-02
1.864548255957969650e-02
1.814522466350090499e-02
1.791013850298655771e-02
1.772506248348081070e-02
1.533753216002925295e-02
1.715856203978050054e-02
1.581009093174058980e-02
1.586763199270095626e-02
1.821884033144336584e-02
1.780203250930212366e-02
1.390848856581044027e-02
1.947238701907347269e-02
1.804484702016013326e-02
1.650388284832865482e-02
2.198965926306858248e-02
1.608088975286257535e-02
1.625157980550792636e-02
1.522517024523404802e-02
1.455012966046100378e-02
1.529560054772752080e-02
1.741609915991573082e-02
1.544622530075939575e-02
1.623554196396036556e-02
1.874917304304660887e-02
1.537494692540405765e-02
1.627897279068073882e-02
1.947747625448863207e-02
2.220946915594934970e-02
1.715230613253100264e-02
1.772144432975220757e-02
1.536566176827690658e-02
1.624745394638044821e-02
1.585468475153316639e-02
1.601463151187004427e-02
1.592072947255213436e-02
1.896441160773149059e-02
1.616169391897376295e-02
2.022343153286385725e-02
1.501921144924521674e-02
1.249515252126362323e-02
1.638831225687086002e-02
1.771414424113148395e-02
1.595054976769343102e-02
1.549777143094658617e-02
1.645198805785212659e-02
1.938350098317844286e-02
1.680043575050854665e-02
1.830400273372617334e-02
1.916894571920316898e-02
1.638155775535864861e-02
1.635186464861784067e-02
1.554745826698842627e-02
1.716760907580549070e-02
1.654841769536776266e-02
1.558009170204929794e-02
1.907666808502849268e-02
1.591931866505314624e-02
1.517888151605256003e-02
1.532689088549254487e-02
1.432832947183577260e-02
1.448407477989820114e-02
1.548422668588903504e-02
1.648165801039472300e-02
1.756250470274841116e-02
1.566681497368347872e-02
1.516380277412372399e-02
1.704944005599127316e-02
1.549194831030792883e-02
1.728231665770364744e-02
1.313400717424999427e-02
1.567595198485177005e-02
1.924453864976344991e-02
1.310567954213055428e-02
1.536566176827690658e-02
1.508085369527785088e-02
1.259101753742388613e-02
1.786723734421019269e-02
1.519392225793866728e-02
1.723914099461718030e-02
1.316370028099080394e-02
1.814522466350090499e-02
1.769191205831508601e-02
1.543502150366206881e-02
1.458338984143444164e-02
1.538721899607109304e-02
1.610403898571901790e-02
1.632742161259587849e-02
1.584241914952390709e-02
1.820996368010025651e-02
1.975528446042867578e-02
1.716429265289679332e-02
1.544622530075939575e-02
1.191240116202370303e-02
1.670747646612184140e-02
1.791369974075865748e-02
1.721917519725237392e-02
1.800152196117946538e-02
1.680043575050854665e-02
1.820430006665642308e-02
2.059510988831986938e-02
1.538721899607109304e-02
1.736376652213087943e-02
2.102182824507285025e-02
1.546071720766764579e-02
1.455012966046100378e-02
1.960727509098868920e-02
1.635186464861784067e-02
1.475243985282911202e-02
1.801901053745923534e-02
1.302587655608047207e-02
1.719072029493535700e-02
1.740382045945050582e-02
1.790153540520192377e-02
1.363643714205351604e-02
1.373575220358975654e-02
1.707607550848590922e-02
1.746005144670750159e-02
1.587131834352697307e-02
1.815101475244168538e-02
1.439783075028117261e-02
1.464827451009236177e-02
2.099882362709560440e-02
1.646560244894232014e-02
1.411302267728211865e-02
1.536566176827690658e-02
1.540515789708757355e-02
1.392365763834054262e-02
1.356322397735029196e-02
1.381744492486381044e-02
1.313400717424999427e-02
1.509981272725110027e-02
1.322987219041025717e-02
1.854463893157493048e-02
1.714295136358630692e-02
1.505446330793360279e-02
1.622607464238860764e-02
1.815051351570058646e-02
1.817197831753088189e-02
1.703687630863271602e-02
1.726790150597061826e-02
1.339253392470494269e-02
1.886766680486099898e-02
1.733250447912251802e-02
1.638155775535864861e-02
1.332999559964453962e-02
1.540394216766323952e-02
1.392083549614443749e-02
1.764125428271403478e-02
1.868013833657964848e-02
1.706606210291397238e-02
1.618291161604211090e-02
1.804484702016013326e-02
1.582114061380099357e-02
1.749511897217485498e-02
1.508085369527785088e-02
1.482526385861396116e-02
1.410238140274541058e-02
1.638879113037958191e-02
1.709140523339911649e-02
1.814522466350090499e-02
1.686152799144229400e-02
1.480398598301629898e-02
1.490147532664911484e-02
1.628932851491620218e-02
1.552233610038740962e-02
1.436231790125399622e-02
1.587131834352697307e-02
1.630536317802498691e-02
1.586763199270095626e-02
1.423693371211258094e-02
1.714295136358630692e-02
1.721905008419846034e-02
1.785367562584075016e-02
1.688958918119285932e-02
1.728231665770364744e-02
1.455078516645954764e-02
1.646426231987792310e-02
1.671526963054564136e-02
1.728600300852966426e-02
1.740382045945050582e-02
1.519392225793866728e-02
1.376698330623003959e-02
1.624373403044832020e-02
1.738895123989330632e-02
1.668919025801152145e-02
1.316370028099080394e-02
1.772274944838891919e-02
2.005212235028851209e-02
2.020148570918662428e-02
1.692082028383314063e-02
1.917213108465215532e-02
1.396941277519153299e-02
1.706606210291397238e-02
1.900855217902838734e-02
1.390848856581044027e-02
1.633662772393548734e-02
1.707949325097903731e-02
1.550944351638589014e-02
1.500438490619763685e-02
1.511507646540547964e-02
1.551864974956139454e-02
1.835678225788903856e-02
1.480324688744030434e-02
1.666509190081966185e-02
1.683370025456529251e-02
1.769530167539358836e-02
1.855595425575247426e-02
1.557296343010774152e-02
1.408341590211438857e-02
1.912021941048492463e-02
1.597377159956787918e-02
1.916894571920316898e-02
1.558111183300606335e-02
1.758718274407825022e-02
1.815101475244168538e-02
1.188117005938341825e-02
1.615168051340182612e-02
1.455012966046100378e-02
1.626343156572325477e-02
1.580670778331986354e-02
1.552233610038740962e-02
1.701159685171173969e-02
1.558111183300606335e-02
1.612675958085237060e-02
1.647456965038116006e-02
1.581009093174058980e-02
1.796338657680049758e-02
1.388795146897301921e-02
1.670485572202822996e-02
1.332790001118496458e-02
1.487952950297188187e-02
1.528280829383369885e-02
1.638831225687086002e-02
1.503670665532317804e-02
1.629619050995559718e-02
1.639150335677249173e-02
1.716212327755260031e-02
1.918348598399011173e-02
1.392509388921846052e-02
1.852738536060303740e-02
1.695758916608092193e-02
1.692082028383314063e-02
1.450358685538435943e-02
1.703687630863271602e-02
1.323041066755215045e-02
1.608479440344452380e-02
1.633662772393548734e-02
1.784853397989497742e-02
1.596694705423719676e-02
1.877315023160215646e-02
1.586077932195564463e-02
1.820996368010025651e-02
1.480561031048885194e-02
1.535292995423040083e-02
2.097415106048894362e-02
1.304194340234659903e-02
1.619292502161404773e-02
1.879499093348516864e-02
1.351107962407056828e-02
1.968201036596031045e-02
1.635708115423057524e-02
1.970314010714895037e-02
1.548390747705319717e-02
1.403851686504425586e-02
1.233871449460315767e-02
1.527474653221282119e-02
1.375463637589604063e-02
1.760614177605149960e-02
1.460227401374072573e-02
2.013867775820098877e-02
2.029449760420912879e-02
1.807217352029603930e-02
1.714382814780028227e-02
1.657752302655498763e-02
1.626343156572325477e-02
1.912340477593391097e-02
1.661241380886281649e-02
1.636785882657577212e-02
1.332627568371241161e-02
1.907254222590101453e-02
1.447366087138078974e-02
1.684217823929601288e-02
1.805820973731242854e-02
1.770831661790778916e-02
1.756115625984699599e-02
1.905960625301304778e-02
1.593718705054113574e-02
1.614323818557220763e-02
1.296788938232633533e-02
1.419824168554788442e-02
1.595108824483532084e-02
1.769230353924846830e-02
1.739355714489585272e-02
1.758178652542369963e-02
1.736882676436847170e-02
1.886936642319765600e-02
1.335888035868730561e-02
1.714382814780028227e-02
1.433108679861371318e-02
1.376338266689129675e-02
1.835678225788903856e-02
1.886505564882681729e-02
1.574306319061923379e-02
1.595696354695174540e-02
1.805452338648641172e-02
1.602493422799133524e-02
1.701668529999340526e-02
1.701159685171173969e-02
1.673783523840502788e-02
1.351468026340931113e-02
1.681458469208188186e-02
1.505446330793360279e-02
1.581009740039836589e-02
1.870576450102860028e-02
1.411464700475467161e-02
1.584241914952390709e-02
1.599822695227734112e-02
1.975528446042867578e-02
1.878651294875444827e-02
1.312174157224073323e-02
1.645145350736898493e-02
1.379373937734389328e-02
1.936166028129542721e-02
1.815051351570058646e-02
1.406872783672777349e-02
1.460047200250138774e-02
1.705645870926140312e-02
1.738895123989330632e-02
1.366763467958768616e-02
1.802346778485669834e-02
1.676326995207181800e-02
1.724119216842603247e-02
2.092764958989608640e-02
1.669487221474277860e-02
1.599822695227734112e-02
1.281999704174300106e-02
1.579369284080566274e-02
1.420123335303522839e-02
1.538381769213840664e-02
1.642382510589803293e-02
1.566842642973140590e-02
1.722437386095299408e-02
1.543502150366206881e-02
1.344723442645181545e-02
1.736882676436847170e-02
1.912078403184029954e-02
1.796310236037045385e-02
2.008001195205140130e-02
1.474836434308472201e-02
1.269914815559340660e-02
1.498789214963843278e-02
1.536566176827690658e-02
1.582526647292847172e-02
1.358229864246526808e-02
1.540010405019577068e-02
1.975115860130119763e-02
1.512931169773156122e-02
1.203696996410542376e-02
1.389242653570025958e-02
1.337776453099358970e-02
1.726790150597061826e-02
1.716169653328827177e-02
1.690544481280119998e-02
1.721181011359444041e-02
1.358229864246526808e-02
1.379373937734389328e-02
2.009217628760813501e-02
1.906279161846203413e-02
1.551382699239899077e-02
1.359447196464567097e-02
1.767212211866858729e-02
1.463067650552712928e-02
1.612675958085237060e-02
1.680072073818849113e-02
1.392744759778368618e-02
1.981436808166809477e-02
1.524190715035375621e-02
1.455094384461957588e-02
1.812995429554833601e-02
1.815899150043130683e-02
1.745636509588148824e-02
1.772274944838891919e-02
1.678734761382454088e-02
2.030786032136142408e-02
1.920288221107015886e-02
1.714613672903529326e-02
1.857078742859824549e-02
1.448407477989820114e-02
1.772506248348081070e-02
1.670429110067285505e-02
1.700603798799606159e-02
2.020148570918662428e-02
1.200573886146514072e-02
1.803389312090970809e-02
1.743209333787365881e-02
1.448407477989820114e-02
1.639150335677249173e-02
1.509366250778679600e-02
1.914280100301395809e-02
1.719072029493535700e-02
1.967041015357534617e-02
2.013677673719890121e-02
1.643598944145477012e-02
1.590236193611707649e-02
1.510024992235789801e-02
1.529821593131941090e-02
1.767765154158396079e-02
1.624373403044832020e-02
1.533753216002925295e-02
1.936166028129542721e-02
1.681458469208188186e-02
1.807217352029603930e-02
1.663386079817937707e-02
1.231974899397213392e-02
1.597377159956787918e-02
1.619993918044948175e-02
1.638155775535864861e-02
1.668919025801152145e-02
1.698205432541771698e-02
1.682033753741299723e-02
1.680460118479643397e-02
1.769191205831508601e-02
2.002743727100878349e-02
1.905917950874871925e-02
1.592072947255213436e-02
1.544622530075939575e-02
1.495289845455640039e-02
2.089265589481405574e-02
1.717759258309094206e-02
1.395917048736771901e-02
1.527598374850301644e-02
1.735933437476822744e-02
1.767212211866858729e-02
1.412585080185199855e-02
1.565624521048396625e-02
1.996417069750359638e-02
1.975528446042867578e-02
1.643598944145477012e-02
1.602493422799133524e-02
1.381552702017102043e-02
1.420196160148001242e-02
1.512931169773156122e-02
1.269968663273530161e-02
1.460419191843351575e-02
1.721917519725237392e-02
1.492700150536345298e-02
1.673051100783947559e-02
1.892803222934724694e-02
1.427326194819945188e-02
1.431722284472032244e-02
1.680415566644067465e-02
1.348344916076902808e-02
1.823706892361306314e-02
1.337776453099358970e-02
2.029449760420912879e-02
1.923411331371044364e-02
1.566681497368347872e-02
1.820996368010025651e-02
1.566921514563263118e-02
1.638831225687086002e-02
2.048575898033846293e-02
1.924453864976344991e-02
1.817840311746347567e-02
1.649975698920117667e-02
1.606583537147127788e-02
1.754824238769152334e-02
1.492736718913305859e-02
1.482526385861396116e-02
1.376698330623003959e-02
1.546228086221180208e-02
1.690978665848994617e-02
1.994551536106956707e-02
1.786723734421019269e-02
1.970314010714895037e-02
1.808514345544470422e-02
1.590595594790085096e-02
1.908102021063173490e-02
1.821621958734975441e-02
1.477437920784856890e-02
1.329079639979134989e-02
1.566842642973140590e-02
1.996735606295258272e-02
1.721057209946773997e-02
1.480680812521240411e-02
1.718057901095415563e-02
1.784998927501473334e-02
1.916894571920316898e-02
1.814906278096837383e-02
1.423246445567551144e-02
1.537494692540405765e-02
1.873530908915321813e-02
2.108509481857803736e-02
1.792002679550457750e-02
1.947747625448863207e-02
2.008805042848065686e-02
1.819056745302020939e-02
1.959352089290301163e-02
1.731504021341263508e-02
1.511507646540547964e-02
1.662916614309361413e-02
1.692528954027021360e-02
1.526008769870034441e-02
1.701478427899131771e-02
1.156423310304271167e-02
1.438121895821537627e-02
1.817645576614118630e-02
1.511561494254737292e-02
1.804390652648164145e-02
2.029449760420912879e-02
1.785215860228135665e-02
2.220946915594934970e-02
1.633589959732659885e-02
2.037641951414834868e-02
1.285337649930982581e-02
1.645517342330111293e-02
2.079964399979154777e-02
1.444559968163022269e-02
1.651210391953517390e-02
1.633662772393548734e-02
1.832594855740340631e-02
1.478209057741055807e-02
1.713046543064798699e-02
1.703048102401802377e-02
1.492736718913305859e-02
1.941177386160159932e-02
1.632742161259587849e-02
1.739525440640703538e-02
1.696757267336636982e-02
1.460075699018133569e-02
1.342376502734522747e-02
1.703460688314550192e-02
1.822180518545868377e-02
1.771414424113148395e-02
1.870576450102860028e-02
1.686152799144229400e-02
1.323041066755215045e-02
1.648087281689489259e-02
1.806312648427104567e-02
1.698715381568977750e-02
1.804484702016013326e-02
1.506793775796346109e-02
1.786723734421019269e-02
1.669487221474277860e-02
1.623554196396036556e-02
1.601740867287096762e-02
1.380063687224767667e-02
1.627897279068073882e-02
1.815899150043130683e-02
1.556883757098026337e-02
1.651210391953517390e-02
1.417928091827464973e-02
1.582566681529311292e-02
1.464680886077983704e-02
1.733144477300533823e-02
1.624774168804045751e-02
1.181653614586344013e-02
1.804128578238803002e-02
1.704647520197595523e-02
1.544622530075939575e-02
1.472532579226305642e-02
1.778107558101322053e-02
1.696757267336636982e-02
1.680072073818849113e-02
1.736376652213087943e-02
1.973779588414890235e-02
1.578990951116070879e-02
1.710738285274192652e-02
1.969951548476257114e-02
1.839662956213494391e-02
2.165276743588912672e-02
1.799223668221641703e-02
1.652829321984293151e-02
1.903451874003888114e-02
1.739525440640703538e-02
1.707949325097903731e-02
1.860908530070976702e-02
1.743921530292790595e-02
1.663386079817937707e-02
1.579369284080566274e-02
1.799223668221641703e-02
1.533753216002925295e-02
1.597377159956787918e-02
1.366766824469379908e-02
1.621329940612159168e-02
1.203696996410542376e-02
1.554173232746745847e-02
1.376940576960739362e-02
1.675679867720545821e-02
1.271558633950560686e-02
1.668919025801152145e-02
1.685265722470794675e-02
1.661241380886281649e-02
1.566681497368347872e-02
1.228927300692615222e-02
1.688659751370551534e-02
1.619943545222820094e-02
1.601463151187004427e-02
1.769151834574863441e-02
2.020148570918662428e-02
1.580603977113965997e-02
1.778107558101322053e-02
1.611993503552168472e-02
1.799976595518474470e-02
1.627897279068073882e-02
1.645611391697960474e-02
1.461704340745207872e-02
1.529821593131941090e-02
1.643836537068497916e-02
1.902235440448214743e-02
1.725100931344763361e-02
1.730337711459700029e-02
1.337776453099358970e-02
1.566842642973140590e-02
1.612675958085237060e-02
1.422135782856006128e-02
1.254324860607483605e-02
1.807896642250837391e-02
1.923051300189395491e-02
1.614323818557220763e-02
1.688537512509888372e-02
1.932142791043578445e-02
1.888153075875439318e-02
1.447366087138078974e-02
1.609475370675596609e-02
1.406872783672777349e-02
1.490147532664911484e-02
2.005718259252610436e-02
1.654841769536776266e-02
1.975963658603191800e-02
1.410238140274541058e-02
1.717505925044056705e-02
1.672687269320188852e-02
1.849249457829520507e-02
1.606149352578252823e-02
1.686152799144229400e-02
1.608344596054310516e-02
1.279555164889556451e-02
1.460227401374072573e-02
1.421105049805682606e-02
1.715230613253100264e-02
1.608479440344452380e-02
1.960727509098868920e-02
1.778816855540872946e-02
1.480312177438638903e-02
1.513148102499818279e-02
1.579069470466054267e-02
1.622607464238860764e-02
1.967041015357534617e-02
1.561796481109763504e-02
1.858827600487801546e-02
1.476760892535921264e-02
1.756250470274841116e-02
1.648567627749661021e-02
1.391997128751452754e-02
1.348344916076902808e-02
1.680043575050854665e-02
1.562372877535238291e-02
1.447925324764785977e-02
1.912078403184029954e-02
1.645198805785212659e-02
1.231602907804000592e-02
1.441946421969109507e-02
1.373575220358975654e-02
1.404259237478864414e-02
1.983499834724479841e-02
2.046943140917085319e-02
1.767765154158396079e-02
1.889859978655899705e-02
2.009217628760813501e-02
1.288460760195010886e-02
1.804072116103265511e-02
1.843490996152127859e-02
1.648165801039472300e-02
1.456924089986110470e-02
1.244312519684055013e-02
1.600060062025483384e-02
1.402006113164269881e-02
1.907666808502849268e-02
1.723820050093868850e-02
1.920288221107015886e-02
1.804072116103265511e-02
1.719720938231544469e-02
1.710143907465627028e-02
1.771549268403289912e-02
1.894808403656388085e-02
1.924453864976344991e-02
1.571300999563146963e-02
1.417394688666321137e-02
1.366763467958768616e-02
1.854463893157493048e-02
1.302959647201260007e-02
1.716760907580549070e-02
1.836308542440277108e-02
1.234726018068028897e-02
1.514177790465894360e-02
1.741909082740307479e-02
1.396941277519153299e-02
1.752466356029947284e-02
1.821978082512185765e-02
1.393971319979294722e-02
1.645517342330111293e-02
1.627897279068073882e-02
1.619292502161404773e-02
1.624774168804045751e-02
1.495859829177334163e-02
1.863944407299295697e-02
1.663386079817937707e-02
1.728231665770364744e-02
1.156423310304271167e-02
1.690978665848994617e-02
1.769191205831508601e-02
1.895184786037293692e-02
2.092352373076861172e-02
1.818688110219419604e-02
1.271558633950560686e-02
1.718441712842162794e-02
1.780203250930212366e-02
2.010445498807336001e-02
1.776703881422008954e-02
1.544879497039066199e-02
1.891981115814072439e-02
2.091016101361631296e-02
1.806312648427104567e-02
1.770831661790778916e-02
1.849249457829520507e-02
1.544814320545218576e-02
1.969951548476257114e-02
1.819056745302020939e-02
1.307602000049585753e-02
1.447334070513063911e-02
1.700913529626811235e-02
1.436231790125399622e-02
1.326301534252704445e-02
1.480680812521240411e-02
1.823706892361306314e-02
1.484829840033159709e-02
1.795103964646650035e-02
1.758178652542369963e-02
1.908385207535538697e-02
1.736882676436847170e-02
1.425258893120034433e-02
1.805452338648641172e-02
1.348643362630500692e-02
1.903451874003888114e-02
1.680957979664093535e-02
1.619292502161404773e-02
1.646560244894232014e-02
1.436231790125399622e-02
1.505446330793360279e-02
1.794197261918181047e-02
1.372055977774678213e-02
1.447925324764785977e-02
1.675245683151670856e-02
1.591754410710314802e-02
1.839662956213494391e-02
1.502323220529332148e-02
1.879499093348516864e-02
1.629619050995559718e-02
2.282513256535653734e-02
1.906279161846203413e-02
1.487024422400883006e-02
1.852738536060303740e-02
1.802346778485669834e-02
1.646560244894232014e-02
1.624774168804045751e-02
1.592072947255213436e-02
1.947747625448863207e-02
1.627378722543608436e-02
1.495859829177334163e-02
2.127663183303564812e-02
1.651993840978105421e-02
1.590595594790085096e-02
1.537494692540405765e-02
1.612675958085237060e-02
1.661028197078732657e-02
1.503439362023128653e-02
1.632742161259587849e-02
1.403611669309510340e-02
1.587131834352697307e-02
1.565161837711527212e-02
1.450489197402107279e-02
1.342376502734522747e-02
1.912078403184029954e-02
1.772274944838891919e-02
1.321760011974322177e-02
1.592779664978386661e-02
1.447334070513063911e-02
1.460227401374072573e-02
1.968201036596031045e-02
1.714931446504365867e-02
1.718441712842162794e-02
1.991272968911062674e-02
1.718057901095415563e-02
1.652829321984293151e-02
1.533687439277799450e-02
2.009217628760813501e-02
1.545772554018030182e-02
1.821884033144336584e-02
1.823929376173845374e-02
1.567595198485177005e-02
1.711432076996162455e-02
1.403557821595321012e-02
1.372055977774678213e-02
1.678265536111920100e-02
1.593501772327451244e-02
1.818688110219419604e-02
1.599822695227734112e-02
1.771414424113148395e-02
1.315296620622324192e-02
1.755142775314050968e-02
1.801524671365017927e-02
1.630167682719897357e-02
1.936166028129542721e-02
1.890764682258399068e-02
1.383158258162342502e-02
1.581009740039836589e-02
1.650388284832865482e-02
1.541691210281190272e-02
1.645444517485632890e-02
1.981118271621910842e-02
1.524190715035375621e-02
2.068812178334237736e-02
1.645173849504892941e-02
1.891981115814072439e-02
1.492700150536345298e-02
1.908385207535538697e-02
1.723501513548970215e-02
1.965028567805051501e-02
1.730337711459700029e-02
1.917403210565424287e-02
1.516380277412372399e-02
1.776880131898742055e-02
1.696133278867713659e-02
1.456952588754105091e-02
1.890980363717754617e-02
1.809496060046630189e-02
1.427326194819945188e-02
1.569782782464539811e-02
1.687154139701423083e-02
1.654575748555281098e-02
1.503439362023128653e-02
1.625980087671444543e-02
1.445069532233137811e-02
1.366751765073103558e-02
1.482286368666480871e-02
1.996417069750359638e-02
1.686152799144229400e-02
1.621929099442635455e-02
1.932142791043578445e-02
1.319864108776997239e-02
1.560969200855925193e-02
1.886505564882681729e-02
1.597694933557624805e-02
1.654177911166406986e-02
1.313780841850686193e-02
1.812995429554833601e-02
1.444559968163022269e-02
1.372055977774678213e-02
1.870576450102860028e-02
1.996417069750359638e-02
1.498789214963843278e-02
1.728600300852966426e-02
1.696605797027307336e-02
1.499779749162653310e-02
1.509106643625584242e-02
1.410238140274541058e-02
1.725759672801873562e-02
1.432832947183577260e-02
1.625980087671444543e-02
1.777292717811489869e-02
1.687154139701423083e-02
1.487024422400883006e-02
1.698715381568977750e-02
1.559007520933474583e-02
1.513148102499818279e-02
1.823706892361306314e-02
1.514534497889157352e-02
1.319493138363108699e-02
1.936166028129542721e-02
1.798777943481895403e-02
1.863944407299295697e-02
1.558111183300606335e-02
1.244312519684055013e-02
1.526392412152741476e-02
1.498789214963843278e-02
1.663386079817937707e-02
1.548362248937324923e-02
1.599822695227734112e-02
1.539845636941034566e-02
1.604695119916499380e-02
1.767212211866858729e-02
1.527598374850301644e-02
1.627036948294295626e-02
1.641278885799893339e-02
1.638155775535864861e-02
1.636785882657577212e-02
1.781000925729174511e-02
1.771549268403289912e-02
1.636785882657577212e-02
1.617830571103955756e-02
1.513257167148343921e-02
1.995625733412825092e-02
1.661241380886281649e-02
1.577095279238212300e-02
1.515195708053082221e-02
1.539489513163824416e-02
1.363643714205351604e-02
1.870208416025688145e-02
1.548390747705319717e-02
1.447366087138078974e-02
1.619943545222820094e-02
1.632063354597755589e-02
1.383158258162342502e-02
1.397795846126866602e-02
1.487952950297188187e-02
1.543502150366206881e-02
1.796338657680049758e-02
1.507218226394955833e-02
1.540394216766323952e-02
1.792597844122388595e-02
1.521147995870763409e-02
1.907666808502849268e-02
1.995887807822186236e-02
1.628282779280330189e-02
1.712932867641915949e-02
1.801112085452270112e-02
1.665434542116454864e-02
1.464308894484770904e-02
1.622856977407416412e-02
1.701451597272678196e-02
1.422135782856006128e-02
1.770916562928697910e-02
1.767624797779606544e-02
1.689940632621445699e-02
1.310567954213055428e-02
1.805464849954032530e-02
1.936166028129542721e-02
1.741909082740307479e-02
1.635186464861784067e-02
2.102501361052183659e-02
1.351186833997179357e-02
1.614868884591448214e-02
2.010744665556070399e-02
1.870576450102860028e-02
1.668919025801152145e-02
1.624774168804045751e-02
1.737725241395202125e-02
1.606149352578252823e-02
1.630167682719897357e-02
1.381642479390704503e-02
1.587131834352697307e-02
1.225804190428586918e-02
1.529560054772752080e-02
1.833347241691522106e-02
1.686152799144229400e-02
1.316370028099080394e-02
1.529515522416769781e-02
1.692650526969454935e-02
1.548390747705319717e-02
1.429782661764027532e-02
2.089265589481405574e-02
1.767765154158396079e-02
1.566681497368347872e-02
1.701838491833005881e-02
1.991272968911062674e-02
1.802110436180814901e-02
1.703054925388679600e-02
1.758178652542369963e-02
1.903451874003888114e-02
1.670429110067285505e-02
