2.502186621092638077e-02
2.712731441730280996e-02
3.142201012309284863e-02
3.179660592964668464e-02
2.068239502047086037e-02
2.539646201748021678e-02
2.952293273388386860e-02
2.190293488571563169e-02
3.011622349288579914e-02
2.253152816284749449e-02
2.600345272628086860e-02
3.535408018660472079e-02
3.084965743727050014e-02
2.308682467249439235e-02
2.565277708148000491e-02
2.909290349004173964e-02
3.072977264932991864e-02
3.164185810239203422e-02
2.966547630855743273e-02
2.995127193400710236e-02
2.466914137170987328e-02
3.107024456250673597e-02
2.930308475458468301e-02
2.568129836429949506e-02
2.568129836429949506e-02
2.513563770025260477e-02
2.966547630855743273e-02
2.571765710083119549e-02
2.314056806606379357e-02
3.534387645498067443e-02
2.447938867386261277e-02
3.055774851320647301e-02
2.358004389196881670e-02
2.607038194004770645e-02
3.517185231885722879e-02
3.020147025784807732e-02
2.785463506307315346e-02
3.518301532911166651e-02
2.293207684523974194e-02
2.952293273388386860e-02
2.607038194004770645e-02
2.032967018125434941e-02
2.661700188272498810e-02
2.227753069226946422e-02
3.158718181466489000e-02
3.091549673525208555e-02
2.565277708148000491e-02
2.983750044468087836e-02
3.518205605048127516e-02
3.107024456250673597e-02
2.624240607617115209e-02
3.479725651230339278e-02
2.308682467249439235e-02
2.673077337205121209e-02
3.590937669625161865e-02
3.592665300512041388e-02
3.010601976126175278e-02
3.074347259912863992e-02
3.027708461875480705e-02
2.336041604536297916e-02
2.105699082702469291e-02
2.393276873118532766e-02
2.747441104805995946e-02
2.625387118281518814e-02
2.926492762616518528e-02
3.055774851320647301e-02
3.592665300512041388e-02
3.429074312446262623e-02
3.101460899614919692e-02
3.575462886899696824e-02
1.976532167685324942e-02
2.895035991536817205e-02
2.690183822954426637e-02
2.983750044468087836e-02
2.635617756549737609e-02
1.876462979090766717e-02
3.037349439397152642e-02
2.752786309969505740e-02
2.571765710083119549e-02
2.999224827193552878e-02
2.629022991934689205e-02
3.100440526452515055e-02
2.947510889070812864e-02
2.623555363161974435e-02
2.393276873118532766e-02
2.566298081310405127e-02
3.496928064842683842e-02
2.952293273388386860e-02
2.032967018125434941e-02
2.859215944046754332e-02
2.235950402672404538e-02
2.190293488571563169e-02
3.011622349288579914e-02
2.859215944046754332e-02
2.484984207480293514e-02
2.409794042275736903e-02
2.325884880861784146e-02
2.212278286501481381e-02
2.293207684523974194e-02
2.909290349004173964e-02
2.786483879469719635e-02
2.762915887531460987e-02
2.539646201748021678e-02
2.032967018125434941e-02
3.057606606440191332e-02
3.590937669625161865e-02
3.445569468334132301e-02
3.371817030594693315e-02
3.159403425921629427e-02
2.629022991934689205e-02
3.037349439397152642e-02
1.976532167685324942e-02
3.020147025784807732e-02
2.930308475458468301e-02
3.518205605048127516e-02
2.432464084660796236e-02
2.623555363161974435e-02
2.804553949779025820e-02
2.769281465857374724e-02
3.068879631140149222e-02
2.769988723581850304e-02
2.551023350680644078e-02
3.570680502582122828e-02
2.253152816284749449e-02
3.062980945797131455e-02
3.100440526452515055e-02
3.040300068595182259e-02
1.891937761816231758e-02
2.930308475458468301e-02
3.002076955475501893e-02
3.592665300512041388e-02
3.174192964191954042e-02
2.952293273388386860e-02
3.100440526452515055e-02
2.090224299977004249e-02
3.407089514516344064e-02
3.017089978061294336e-02
3.084354413865614264e-02
2.513563770025260477e-02
3.444453167308688529e-02
2.235950402672404538e-02
2.568129836429949506e-02
2.090224299977004249e-02
2.640861901006983856e-02
3.501099119298821394e-02
3.034292391673639247e-02
3.501710449160257838e-02
3.027708461875480705e-02
3.059334237327071201e-02
3.052362461982945432e-02
3.501099119298821394e-02
2.769281465857374724e-02
2.769281465857374724e-02
2.937869911549140928e-02
3.501099119298821394e-02
2.607038194004770645e-02
2.310410098136319104e-02
2.961765246538169277e-02
2.961765246538169277e-02
2.747441104805995946e-02
2.769281465857374724e-02
2.804553949779025820e-02
2.410479286730877677e-02
3.590937669625161865e-02
2.657602554479656168e-02
2.967768056113851555e-02
2.449711723558642418e-02
3.590937669625161865e-02
2.410479286730877677e-02
1.941259683763674193e-02
2.430736453773916367e-02
2.447938867386261277e-02
3.046894833210230663e-02
2.447938867386261277e-02
3.411871898833918060e-02
2.982022413581208314e-02
2.859215944046754332e-02
2.600345272628086860e-02
3.017089978061294336e-02
3.057606606440191332e-02
2.673077337205121209e-02
3.136733383536570441e-02
3.428367054721787044e-02
2.983042786743612604e-02
2.607038194004770645e-02
2.804553949779025820e-02
2.912238405149162115e-02
2.032967018125434941e-02
2.288425300206400545e-02
2.859215944046754332e-02
2.999224827193552878e-02
3.101460899614919692e-02
2.568129836429949506e-02
3.164185810239203422e-02
2.351516387261762958e-02
2.984874541863156983e-02
2.926492762616518528e-02
3.101460899614919692e-02
3.084354413865614264e-02
3.002076955475501893e-02
2.155021004649911726e-02
2.539646201748021678e-02
2.288425300206400545e-02
2.568129836429949506e-02
2.640861901006983856e-02
2.983750044468087836e-02
2.912238405149162115e-02
3.101460899614919692e-02
3.037349439397152642e-02
2.425268825001201944e-02
3.502826750185701610e-02
3.570680502582122828e-02
2.588968123695464460e-02
2.752786309969505740e-02
2.314056806606379357e-02
1.998516965615243501e-02
2.826538747708944380e-02
3.035517684277608264e-02
2.762915887531460987e-02
2.253152816284749449e-02
2.235950402672404538e-02
3.174192964191954042e-02
1.998516965615243501e-02
3.502826750185701610e-02
2.762915887531460987e-02
1.941259683763674193e-02
3.479725651230339278e-02
2.983042786743612604e-02
3.535408018660472079e-02
2.730801512039587181e-02
1.891937761816231758e-02
3.480841952255783051e-02
3.181388223851548680e-02
1.876462979090766717e-02
2.155021004649911726e-02
2.635617756549737609e-02
2.478291286103609728e-02
2.551023350680644078e-02
2.937869911549140928e-02
2.288425300206400545e-02
2.769988723581850304e-02
2.601570565232055876e-02
2.640861901006983856e-02
1.891937761816231758e-02
2.484984207480293514e-02
2.730801512039587181e-02
2.105699082702469291e-02
2.566298081310405127e-02
2.601570565232055876e-02
2.271222886594055634e-02
2.657602554479656168e-02
3.179660592964668464e-02
2.629022991934689205e-02
2.625387118281518814e-02
2.549802925422535449e-02
1.891937761816231758e-02
2.314056806606379357e-02
2.527818127492617237e-02
2.607038194004770645e-02
2.539646201748021678e-02
2.644497774660154246e-02
3.055774851320647301e-02
3.411871898833918060e-02
1.819205697239197062e-02
3.062980945797131455e-02
3.389887100903999501e-02
2.068239502047086037e-02
3.000245200355957514e-02
2.826538747708944380e-02
3.196863006577013722e-02
3.074809020052536243e-02
2.409794042275736903e-02
2.336041604536297916e-02
3.027708461875480705e-02
2.804553949779025820e-02
2.032967018125434941e-02
2.478291286103609728e-02
3.100440526452515055e-02
2.826538747708944380e-02
3.181388223851548680e-02
3.057502482207526823e-02
2.690183822954426637e-02
2.393276873118532766e-02
3.059334237327071201e-02
3.142201012309284863e-02
2.358004389196881670e-02
2.603402320351600255e-02
2.947510889070812864e-02
2.314056806606379357e-02
3.389887100903999501e-02
3.553478088969777571e-02
2.944562832925824714e-02
3.034292391673639247e-02
2.603402320351600255e-02
2.551023350680644078e-02
2.785463506307315346e-02
2.999224827193552878e-02
2.944562832925824714e-02
2.623555363161974435e-02
2.478291286103609728e-02
3.480841952255783051e-02
3.463639538643438487e-02
2.748003925651931745e-02
2.502186621092638077e-02
2.843741161321289290e-02
3.590937669625161865e-02
3.107024456250673597e-02
2.336041604536297916e-02
2.661700188272498810e-02
2.105699082702469291e-02
3.496928064842683842e-02
3.463639538643438487e-02
3.074809020052536243e-02
3.501099119298821394e-02
2.310410098136319104e-02
2.190293488571563169e-02
3.062980945797131455e-02
2.432464084660796236e-02
3.517185231885722879e-02
2.983750044468087836e-02
2.786483879469719635e-02
2.565277708148000491e-02
3.518301532911166651e-02
3.035517684277608264e-02
2.969495687000731424e-02
3.101460899614919692e-02
2.947510889070812864e-02
2.447938867386261277e-02
2.227753069226946422e-02
3.428367054721787044e-02
2.432464084660796236e-02
2.449711723558642418e-02
2.944562832925824714e-02
3.480841952255783051e-02
2.640861901006983856e-02
3.159403425921629427e-02
2.549802925422535449e-02
3.518301532911166651e-02
1.819205697239197062e-02
2.090224299977004249e-02
3.000245200355957514e-02
2.646225405547033768e-02
3.018315270665263700e-02
3.034292391673639247e-02
3.371817030594693315e-02
2.895035991536817205e-02
2.155021004649911726e-02
3.101460899614919692e-02
2.640861901006983856e-02
3.084965743727050014e-02
3.444549095171727665e-02
1.819205697239197062e-02
3.502826750185701610e-02
2.522443788135677115e-02
2.747441104805995946e-02
1.941259683763674193e-02
2.821756363391370731e-02
3.068879631140149222e-02
2.983750044468087836e-02
3.461655580921033093e-02
2.961765246538169277e-02
3.427346681559383101e-02
2.842013530434409421e-02
2.447938867386261277e-02
2.624240607617115209e-02
2.748003925651931745e-02
2.013991748340708543e-02
3.429074312446262623e-02
2.999224827193552878e-02
2.492545643570966141e-02
3.027708461875480705e-02
2.293207684523974194e-02
2.895035991536817205e-02
2.712731441730280996e-02
2.506969005410212073e-02
2.535548567955179036e-02
2.415261671048451325e-02
2.447938867386261277e-02
2.227753069226946422e-02
2.661700188272498810e-02
2.601570565232055876e-02
2.466914137170987328e-02
2.603402320351600255e-02
3.496928064842683842e-02
3.427346681559383101e-02
2.635617756549737609e-02
2.926492762616518528e-02
2.484984207480293514e-02
2.725456306876077386e-02
2.308682467249439235e-02
2.601570565232055876e-02
2.952293273388386860e-02
3.444453167308688529e-02
2.944562832925824714e-02
2.090224299977004249e-02
2.565277708148000491e-02
2.190293488571563169e-02
3.590937669625161865e-02
2.752786309969505740e-02
2.351516387261762958e-02
2.535548567955179036e-02
3.057502482207526823e-02
2.785463506307315346e-02
2.358004389196881670e-02
3.181388223851548680e-02
2.351516387261762958e-02
2.551023350680644078e-02
3.501099119298821394e-02
3.027708461875480705e-02
3.142201012309284863e-02
2.506969005410212073e-02
3.068879631140149222e-02
3.535408018660472079e-02
2.336041604536297916e-02
2.513563770025260477e-02
2.859215944046754332e-02
2.506969005410212073e-02
2.235950402672404538e-02
3.068879631140149222e-02
2.502186621092638077e-02
3.518301532911166651e-02
2.603402320351600255e-02
2.358004389196881670e-02
2.730801512039587181e-02
2.502186621092638077e-02
2.748003925651931745e-02
3.055774851320647301e-02
2.600345272628086860e-02
2.105699082702469291e-02
2.984874541863156983e-02
2.673077337205121209e-02
3.000245200355957514e-02
3.445569468334132301e-02
3.590937669625161865e-02
2.235950402672404538e-02
2.966547630855743273e-02
2.639030145887439477e-02
2.447938867386261277e-02
2.253152816284749449e-02
3.055774851320647301e-02
2.527818127492617237e-02
2.624240607617115209e-02
2.983042786743612604e-02
2.695529028117935738e-02
3.091549673525208555e-02
2.762915887531460987e-02
3.479725651230339278e-02
3.479725651230339278e-02
1.998516965615243501e-02
2.603402320351600255e-02
2.410479286730877677e-02
2.513563770025260477e-02
3.371817030594693315e-02
2.973142395470791677e-02
2.105699082702469291e-02
3.501099119298821394e-02
2.623555363161974435e-02
3.608140083237506429e-02
3.040300068595182259e-02
2.909290349004173964e-02
2.600345272628086860e-02
2.513563770025260477e-02
3.040300068595182259e-02
2.944562832925824714e-02
2.768261092694970782e-02
3.100440526452515055e-02
3.518205605048127516e-02
2.568129836429949506e-02
2.565277708148000491e-02
2.785463506307315346e-02
3.055774851320647301e-02
1.891937761816231758e-02
3.501710449160257838e-02
2.768261092694970782e-02
2.105699082702469291e-02
2.227753069226946422e-02
3.501099119298821394e-02
2.895035991536817205e-02
2.673077337205121209e-02
2.947510889070812864e-02
3.027708461875480705e-02
3.479725651230339278e-02
3.590937669625161865e-02
3.445569468334132301e-02
2.966547630855743273e-02
2.842013530434409421e-02
2.984970469726196465e-02
2.105699082702469291e-02
2.639030145887439477e-02
2.235950402672404538e-02
2.673077337205121209e-02
3.444453167308688529e-02
2.966547630855743273e-02
3.057502482207526823e-02
2.909290349004173964e-02
3.518912862772602401e-02
3.485624336573357046e-02
3.106928528387634114e-02
1.819205697239197062e-02
1.976532167685324942e-02
2.522443788135677115e-02
2.325884880861784146e-02
3.091549673525208555e-02
2.769988723581850304e-02
2.032967018125434941e-02
2.387809244345818344e-02
2.601570565232055876e-02
2.967768056113851555e-02
3.429074312446262623e-02
2.409794042275736903e-02
2.967768056113851555e-02
3.389887100903999501e-02
2.527818127492617237e-02
3.072977264932991864e-02
2.393276873118532766e-02
1.998516965615243501e-02
2.447938867386261277e-02
3.018315270665263700e-02
2.673077337205121209e-02
3.517185231885722879e-02
2.336041604536297916e-02
1.854478181160848158e-02
2.752786309969505740e-02
1.998516965615243501e-02
2.415261671048451325e-02
3.463639538643438487e-02
2.212278286501481381e-02
2.430736453773916367e-02
2.983042786743612604e-02
3.608140083237506429e-02
2.952293273388386860e-02
3.136733383536570441e-02
2.624240607617115209e-02
3.518912862772602401e-02
2.293207684523974194e-02
2.661700188272498810e-02
3.534387645498067443e-02
2.747441104805995946e-02
3.062980945797131455e-02
2.513563770025260477e-02
2.571765710083119549e-02
2.358004389196881670e-02
2.351516387261762958e-02
2.571765710083119549e-02
2.926492762616518528e-02
3.062980945797131455e-02
3.011622349288579914e-02
2.768261092694970782e-02
2.909290349004173964e-02
2.785463506307315346e-02
2.415261671048451325e-02
2.551023350680644078e-02
3.042131823714726291e-02
3.018315270665263700e-02
2.032967018125434941e-02
2.155021004649911726e-02
2.527818127492617237e-02
2.535548567955179036e-02
2.821756363391370731e-02
2.410479286730877677e-02
3.428367054721787044e-02
2.410479286730877677e-02
3.575462886899696824e-02
2.646225405547033768e-02
3.501710449160257838e-02
2.826538747708944380e-02
3.142201012309284863e-02
3.501099119298821394e-02
2.926492762616518528e-02
3.100440526452515055e-02
3.055774851320647301e-02
3.575462886899696824e-02
3.040300068595182259e-02
2.105699082702469291e-02
3.089822042638328686e-02
3.042131823714726291e-02
3.142201012309284863e-02
2.762915887531460987e-02
2.644497774660154246e-02
3.068879631140149222e-02
3.089822042638328686e-02
3.592665300512041388e-02
3.535408018660472079e-02
2.661700188272498810e-02
2.603402320351600255e-02
1.891937761816231758e-02
2.995127193400710236e-02
2.601570565232055876e-02
3.407089514516344064e-02
2.566298081310405127e-02
2.944562832925824714e-02
2.644497774660154246e-02
2.952293273388386860e-02
3.034292391673639247e-02
2.859215944046754332e-02
2.859215944046754332e-02
3.592665300512041388e-02
3.035517684277608264e-02
1.876462979090766717e-02
2.947510889070812864e-02
2.673077337205121209e-02
2.826538747708944380e-02
3.496928064842683842e-02
2.358004389196881670e-02
3.084965743727050014e-02
2.506969005410212073e-02
3.444453167308688529e-02
3.575462886899696824e-02
3.496928064842683842e-02
3.535408018660472079e-02
3.411871898833918060e-02
3.027708461875480705e-02
2.565277708148000491e-02
2.155021004649911726e-02
2.013991748340708543e-02
2.639030145887439477e-02
3.181388223851548680e-02
3.389887100903999501e-02
2.804553949779025820e-02
2.235950402672404538e-02
2.375206802809226581e-02
2.673077337205121209e-02
2.155021004649911726e-02
2.966547630855743273e-02
2.484984207480293514e-02
2.640861901006983856e-02
2.984874541863156983e-02
3.196863006577013722e-02
3.091549673525208555e-02
2.308682467249439235e-02
3.429074312446262623e-02
2.930308475458468301e-02
2.961765246538169277e-02
2.769988723581850304e-02
2.513563770025260477e-02
3.059334237327071201e-02
2.748003925651931745e-02
1.976532167685324942e-02
3.136733383536570441e-02
3.575462886899696824e-02
2.661700188272498810e-02
2.635617756549737609e-02
2.752786309969505740e-02
2.725456306876077386e-02
2.105699082702469291e-02
2.969495687000731424e-02
2.646225405547033768e-02
2.983042786743612604e-02
2.271222886594055634e-02
3.164185810239203422e-02
2.624240607617115209e-02
3.062980945797131455e-02
2.522443788135677115e-02
3.389887100903999501e-02
3.575462886899696824e-02
3.068879631140149222e-02
1.876462979090766717e-02
1.941259683763674193e-02
2.804553949779025820e-02
2.535548567955179036e-02
3.534387645498067443e-02
2.748003925651931745e-02
2.013991748340708543e-02
2.623555363161974435e-02
3.181388223851548680e-02
2.843741161321289290e-02
3.479725651230339278e-02
2.336041604536297916e-02
2.966547630855743273e-02
2.786483879469719635e-02
2.308682467249439235e-02
2.842013530434409421e-02
2.090224299977004249e-02
3.046894833210230663e-02
2.930308475458468301e-02
3.040300068595182259e-02
2.271222886594055634e-02
2.639030145887439477e-02
3.107024456250673597e-02
2.984970469726196465e-02
2.635617756549737609e-02
3.035517684277608264e-02
3.496928064842683842e-02
3.106928528387634114e-02
3.042131823714726291e-02
3.040300068595182259e-02
3.428367054721787044e-02
2.639030145887439477e-02
2.105699082702469291e-02
2.967768056113851555e-02
2.629022991934689205e-02
3.389887100903999501e-02
3.535408018660472079e-02
2.466914137170987328e-02
2.952293273388386860e-02
2.967768056113851555e-02
2.644497774660154246e-02
3.501099119298821394e-02
2.966547630855743273e-02
3.159403425921629427e-02
1.876462979090766717e-02
3.136733383536570441e-02
2.984874541863156983e-02
3.084965743727050014e-02
3.518301532911166651e-02
3.181388223851548680e-02
3.485624336573357046e-02
2.785463506307315346e-02
2.748003925651931745e-02
3.101460899614919692e-02
2.895035991536817205e-02
3.463639538643438487e-02
2.566298081310405127e-02
3.035517684277608264e-02
2.425268825001201944e-02
3.017089978061294336e-02
3.480841952255783051e-02
2.410479286730877677e-02
3.059334237327071201e-02
2.635617756549737609e-02
2.769281465857374724e-02
2.623555363161974435e-02
2.926492762616518528e-02
3.570680502582122828e-02
3.427346681559383101e-02
2.325884880861784146e-02
2.966547630855743273e-02
2.566298081310405127e-02
2.983750044468087836e-02
2.600345272628086860e-02
3.020147025784807732e-02
3.480841952255783051e-02
2.785463506307315346e-02
3.084354413865614264e-02
3.057606606440191332e-02
3.000245200355957514e-02
2.695529028117935738e-02
2.673077337205121209e-02
3.142201012309284863e-02
3.074347259912863992e-02
2.895035991536817205e-02
2.984970469726196465e-02
3.020147025784807732e-02
3.429074312446262623e-02
2.430736453773916367e-02
2.947510889070812864e-02
3.411871898833918060e-02
3.027708461875480705e-02
2.535548567955179036e-02
2.571765710083119549e-02
3.074809020052536243e-02
2.909290349004173964e-02
3.074347259912863992e-02
3.089822042638328686e-02
2.603402320351600255e-02
2.449711723558642418e-02
3.592665300512041388e-02
2.105699082702469291e-02
2.635617756549737609e-02
1.876462979090766717e-02
3.174192964191954042e-02
2.336041604536297916e-02
3.501099119298821394e-02
2.447938867386261277e-02
3.371817030594693315e-02
3.518301532911166651e-02
2.155021004649911726e-02
2.478291286103609728e-02
3.428367054721787044e-02
3.084354413865614264e-02
2.535548567955179036e-02
3.018315270665263700e-02
2.769988723581850304e-02
2.842013530434409421e-02
2.522443788135677115e-02
2.842013530434409421e-02
2.695529028117935738e-02
2.952293273388386860e-02
3.091549673525208555e-02
2.912238405149162115e-02
2.821756363391370731e-02
2.639030145887439477e-02
3.107024456250673597e-02
2.068239502047086037e-02
2.568129836429949506e-02
3.010601976126175278e-02
2.484984207480293514e-02
3.100440526452515055e-02
2.821756363391370731e-02
2.351516387261762958e-02
3.089822042638328686e-02
2.601570565232055876e-02
3.034292391673639247e-02
2.747441104805995946e-02
2.748003925651931745e-02
2.603402320351600255e-02
2.336041604536297916e-02
2.607038194004770645e-02
3.035517684277608264e-02
3.074809020052536243e-02
3.052362461982945432e-02
2.415261671048451325e-02
3.371817030594693315e-02
3.590937669625161865e-02
2.730801512039587181e-02
2.571765710083119549e-02
2.522443788135677115e-02
2.625387118281518814e-02
3.517185231885722879e-02
2.947510889070812864e-02
3.427346681559383101e-02
1.891937761816231758e-02
2.506969005410212073e-02
3.124130941999979025e-02
2.769281465857374724e-02
3.018315270665263700e-02
2.752786309969505740e-02
1.876462979090766717e-02
3.069564875595289996e-02
1.891937761816231758e-02
2.768261092694970782e-02
3.518912862772602401e-02
2.895035991536817205e-02
2.484984207480293514e-02
2.769988723581850304e-02
3.068879631140149222e-02
3.517185231885722879e-02
2.983042786743612604e-02
2.983042786743612604e-02
3.501099119298821394e-02
2.513563770025260477e-02
3.062980945797131455e-02
2.752786309969505740e-02
2.432464084660796236e-02
2.712731441730280996e-02
2.967768056113851555e-02
3.479725651230339278e-02
3.534387645498067443e-02
2.513563770025260477e-02
3.074809020052536243e-02
3.463639538643438487e-02
3.181388223851548680e-02
2.314056806606379357e-02
2.695529028117935738e-02
2.909290349004173964e-02
2.358004389196881670e-02
3.608140083237506429e-02
3.179660592964668464e-02
3.017089978061294336e-02
2.375206802809226581e-02
2.524171419022556637e-02
2.785463506307315346e-02
3.011622349288579914e-02
3.106928528387634114e-02
2.786483879469719635e-02
2.484984207480293514e-02
2.502186621092638077e-02
2.190293488571563169e-02
3.518301532911166651e-02
2.527818127492617237e-02
2.843741161321289290e-02
3.069564875595289996e-02
2.937869911549140928e-02
1.876462979090766717e-02
3.042131823714726291e-02
3.158718181466489000e-02
2.712731441730280996e-02
2.607038194004770645e-02
2.568129836429949506e-02
1.891937761816231758e-02
2.725456306876077386e-02
2.768261092694970782e-02
2.804553949779025820e-02
2.842013530434409421e-02
2.629022991934689205e-02
2.983750044468087836e-02
2.588968123695464460e-02
2.466914137170987328e-02
2.821756363391370731e-02
2.278784322684728608e-02
2.032967018125434941e-02
3.057606606440191332e-02
2.235950402672404538e-02
2.235950402672404538e-02
2.804553949779025820e-02
2.629022991934689205e-02
2.826538747708944380e-02
2.393276873118532766e-02
2.762915887531460987e-02
2.466914137170987328e-02
3.068879631140149222e-02
2.909290349004173964e-02
2.973142395470791677e-02
3.575462886899696824e-02
3.575462886899696824e-02
2.947510889070812864e-02
2.325884880861784146e-02
3.534387645498067443e-02
3.428367054721787044e-02
2.566298081310405127e-02
2.227753069226946422e-02
3.444453167308688529e-02
3.445569468334132301e-02
2.352536760424167248e-02
2.967768056113851555e-02
2.432464084660796236e-02
2.513563770025260477e-02
2.895035991536817205e-02
2.926492762616518528e-02
2.644497774660154246e-02
2.566298081310405127e-02
3.072977264932991864e-02
2.995127193400710236e-02
2.430736453773916367e-02
3.000245200355957514e-02
3.354614616982348752e-02
2.524171419022556637e-02
2.271222886594055634e-02
2.565277708148000491e-02
3.164185810239203422e-02
2.032967018125434941e-02
3.174192964191954042e-02
2.032967018125434941e-02
3.084354413865614264e-02
2.947510889070812864e-02
2.551023350680644078e-02
1.854478181160848158e-02
2.747441104805995946e-02
3.411871898833918060e-02
3.069564875595289996e-02
3.084965743727050014e-02
3.107024456250673597e-02
2.308682467249439235e-02
3.057606606440191332e-02
3.011622349288579914e-02
2.947510889070812864e-02
2.293207684523974194e-02
3.427346681559383101e-02
2.768261092694970782e-02
3.068879631140149222e-02
2.571765710083119549e-02
3.002076955475501893e-02
2.293207684523974194e-02
2.859215944046754332e-02
2.912238405149162115e-02
3.444549095171727665e-02
2.995127193400710236e-02
3.100440526452515055e-02
2.826538747708944380e-02
2.308682467249439235e-02
2.492545643570966141e-02
3.037349439397152642e-02
2.308682467249439235e-02
3.518205605048127516e-02
3.101460899614919692e-02
3.101460899614919692e-02
2.415261671048451325e-02
3.011622349288579914e-02
3.046894833210230663e-02
3.057502482207526823e-02
2.983750044468087836e-02
2.527818127492617237e-02
2.393276873118532766e-02
2.492545643570966141e-02
2.190293488571563169e-02
3.501099119298821394e-02
3.485624336573357046e-02
1.876462979090766717e-02
2.271222886594055634e-02
2.640861901006983856e-02
2.447938867386261277e-02
3.535408018660472079e-02
2.821756363391370731e-02
2.409794042275736903e-02
1.976532167685324942e-02
2.449711723558642418e-02
3.518205605048127516e-02
2.983750044468087836e-02
3.159403425921629427e-02
3.107024456250673597e-02
3.011622349288579914e-02
3.020147025784807732e-02
3.427346681559383101e-02
3.181388223851548680e-02
3.608140083237506429e-02
2.235950402672404538e-02
3.496928064842683842e-02
2.425268825001201944e-02
3.034292391673639247e-02
3.518912862772602401e-02
3.062980945797131455e-02
3.501099119298821394e-02
2.785463506307315346e-02
2.310410098136319104e-02
3.371817030594693315e-02
3.124130941999979025e-02
2.786483879469719635e-02
2.842013530434409421e-02
3.517185231885722879e-02
3.389887100903999501e-02
