1.955615783288695841e-02
2.200113329816594243e-02
2.562781695060126902e-02
1.795098782583050626e-02
1.857894150031911412e-02
2.955719152983842316e-02
1.741035076110813290e-02
2.066751505065994240e-02
1.945214456010174384e-02
2.795202152278197100e-02
2.434660235665969327e-02
2.710897856748173060e-02
2.369040793577485010e-02
1.800745030456932586e-02
2.172116332788802395e-02
2.488723942138207010e-02
1.736933164298910467e-02
1.834331047847924043e-02
1.857894150031911412e-02
2.374560589784953726e-02
1.780678670349737994e-02
2.976233822584893954e-02
2.964971437111834501e-02
1.861712329956482365e-02
1.838290944084509590e-02
1.869156535504970865e-02
1.736933164298910467e-02
2.939826362501856555e-02
2.799633481975066090e-02
2.987887285979268226e-02
2.019993123163547205e-02
1.760273294926004151e-02
2.546943698431248376e-02
2.976233822584893954e-02
1.800745030456932586e-02
1.850223838329909803e-02
1.833715332928690517e-02
1.953460831034994905e-02
2.215335611526239243e-02
2.134301951919494525e-02
2.635823605117091489e-02
1.728686789274089947e-02
2.134301951919494525e-02
1.641366483295826975e-02
2.745569775502828755e-02
2.259436638767065367e-02
1.544912784798462869e-02
2.509129317561940506e-02
2.939826362501856555e-02
1.765919542799885764e-02
1.676050254640859202e-02
2.863613657326235379e-02
3.012868272558821142e-02
1.765919542799885764e-02
3.006056453904421694e-02
1.664787869167799750e-02
2.039596329110949027e-02
2.434660235665969327e-02
1.918635343377948083e-02
1.953460831034994905e-02
2.996557942763748705e-02
1.995933949917233496e-02
2.610842618537538573e-02
1.760273294926004151e-02
2.745569775502828755e-02
2.399988316911313979e-02
1.558246995668111784e-02
2.795202152278197100e-02
1.726614963877500658e-02
2.902148952426995832e-02
1.945214456010174384e-02
2.011599332083157179e-02
2.019993123163547205e-02
2.468399821959352258e-02
2.049997656389470832e-02
1.938959463556802487e-02
1.664787869167799750e-02
1.869877449736423794e-02
1.866880158061803158e-02
1.724111178118270873e-02
2.780030276027664268e-02
1.800745030456932586e-02
2.964971437111834501e-02
2.964971437111834501e-02
1.546984610195052331e-02
1.804563210381503538e-02
1.691272536350504202e-02
1.938959463556802487e-02
3.157074943469393574e-02
1.869877449736423794e-02
1.907372957904888630e-02
2.434660235665969327e-02
1.691272536350504202e-02
1.760354550170883242e-02
1.774774662404196221e-02
3.068339318242500890e-02
3.136750823290539170e-02
2.098919638061420151e-02
1.922737255189850905e-02
2.424825022031916813e-02
1.757257284477765219e-02
2.488805197383086101e-02
1.815813743264186458e-02
1.795071665347072742e-02
1.703193578005527536e-02
2.906086776208473971e-02
2.236520789899631642e-02
1.671537669699111120e-02
2.215335611526239243e-02
1.724111178118270873e-02
1.691943045122844963e-02
2.080238245447257189e-02
1.982447209535970201e-02
2.768046976323151886e-02
2.590162977168685224e-02
2.871414857453818276e-02
1.584217363720848148e-02
2.468399821959352258e-02
2.080238245447257189e-02
1.835416949211588281e-02
1.961262031162577801e-02
1.558246995668111784e-02
2.871414857453818276e-02
1.641366483295826975e-02
1.804563210381503538e-02
2.071182834762863231e-02
2.438122807397864050e-02
1.570405996067025106e-02
2.964971437111834501e-02
2.050858714584008480e-02
2.066080996293653479e-02
2.155487130292886924e-02
1.869156535504970865e-02
1.607638749592820923e-02
2.339888671030298031e-02
3.082269159080042870e-02
2.494370190012088623e-02
1.893298835608396569e-02
2.295680010819677735e-02
2.310119028752287418e-02
1.956476841483233836e-02
2.200113329816594243e-02
1.542408999039233258e-02
2.277605806692218834e-02
1.955615783288695841e-02
1.955615783288695841e-02
2.066751505065994240e-02
2.077734459688027752e-02
1.917217458982382536e-02
2.871414857453818276e-02
2.123900624640973067e-02
2.284417625346618283e-02
2.208523792871839794e-02
3.136750823290539170e-02
1.774774662404196221e-02
2.173698305214792972e-02
1.800591461554541459e-02
1.800591461554541459e-02
1.973784951213849309e-02
2.031255508636606658e-02
2.420393692335047822e-02
2.779309361796211339e-02
1.725670778825851015e-02
1.962844003588568378e-02
2.050858714584008480e-02
2.705224491638313217e-02
1.636790872140007902e-02
1.780678670349737994e-02
2.621749482820599428e-02
2.457137436486292806e-02
2.276379442458904487e-02
2.208523792871839794e-02
1.622861031302465923e-02
3.103011236997156586e-02
1.901552076816458506e-02
2.745569775502828755e-02
2.673665103222377243e-02
2.748443770375750064e-02
3.006056453904421694e-02
2.710897856748173060e-02
2.066080996293653479e-02
2.745569775502828755e-02
2.105731456715819599e-02
2.673665103222377243e-02
2.086405116472508231e-02
2.102715446267580668e-02
2.032341410000270895e-02
2.942494236291511370e-02
3.068339318242500890e-02
1.838290944084509590e-02
2.071182834762863231e-02
2.942494236291511370e-02
2.241707523704249139e-02
2.621749482820599428e-02
2.155487130292886924e-02
2.276379442458904487e-02
1.795098782583050626e-02
2.316004130998532140e-02
1.691272536350504202e-02
1.703193578005527536e-02
1.721095167670031942e-02
2.215335611526239243e-02
2.795202152278197100e-02
1.774774662404196221e-02
2.061078139956134397e-02
2.158186491951260416e-02
2.578674485542112663e-02
2.172116332788802395e-02
2.684927488695436695e-02
2.827370285273623010e-02
1.955615783288695841e-02
1.835416949211588281e-02
1.542408999039233258e-02
2.179371670324652815e-02
1.706363157356157942e-02
1.691943045122844963e-02
2.066751505065994240e-02
2.339888671030298031e-02
2.179371670324652815e-02
1.857894150031911412e-02
1.839235129136159233e-02
1.388703816987987491e-02
1.869156535504970865e-02
1.835416949211588281e-02
2.673665103222377243e-02
3.125488437817479370e-02
2.928563977028797102e-02
1.997669491245615200e-02
1.331554697413008664e-02
1.489835490620073505e-02
2.420393692335047822e-02
2.871414857453818276e-02
1.879375960877096782e-02
2.647085990590150942e-02
1.838290944084509590e-02
2.494370190012088623e-02
2.651187902402053764e-02
1.483085690088762135e-02
1.483085690088762135e-02
2.256420628318826435e-02
2.246922117178153447e-02
2.113977831740640120e-02
1.739949174747149399e-02
2.779309361796211339e-02
2.533013857593706397e-02
1.607638749592820923e-02
1.636790872140007902e-02
1.997669491245615200e-02
1.706209588453766468e-02
2.768046976323151886e-02
2.546943698431248376e-02
1.726614963877500658e-02
3.166573454610066563e-02
2.651187902402053764e-02
2.424825022031916813e-02
2.236520789899631642e-02
2.179371670324652815e-02
1.823068662374864590e-02
2.039596329110949027e-02
2.259436638767065367e-02
2.651187902402053764e-02
1.725670778825851015e-02
1.818493051219045517e-02
1.835416949211588281e-02
2.789528787168337257e-02
1.749092164697823790e-02
2.032341410000270895e-02
1.607638749592820923e-02
2.546943698431248376e-02
1.399966202461046944e-02
2.050858714584008480e-02
2.455065611089703517e-02
2.397037790605276858e-02
2.533013857593706397e-02
2.684927488695436695e-02
1.935291663109841437e-02
1.795071665347072742e-02
1.945214456010174384e-02
1.861712329956482365e-02
1.601992501718939310e-02
1.917217458982382536e-02
1.763512276931136769e-02
2.369040793577485010e-02
1.652628868768886428e-02
1.884895757084565499e-02
2.684927488695436695e-02
2.610842618537538573e-02
1.460608489268439003e-02
1.513256876492046279e-02
2.211375715289653696e-02
1.724111178118270873e-02
1.524507409374729026e-02
1.800745030456932586e-02
1.664787869167799750e-02
2.705224491638313217e-02
2.852351271853175926e-02
1.955615783288695841e-02
2.142964210241615416e-02
1.420290322639901522e-02
1.706209588453766468e-02
2.942494236291511370e-02
1.570405996067025106e-02
3.157074943469393574e-02
2.134301951919494525e-02
2.123900624640973067e-02
1.581668381540084559e-02
2.616515983647398416e-02
2.865768609579936663e-02
2.077734459688027752e-02
2.590162977168685224e-02
1.757257284477765219e-02
2.142964210241615416e-02
1.922737255189850905e-02
2.123900624640973067e-02
2.621749482820599428e-02
1.570405996067025106e-02
1.706363157356157942e-02
2.098919638061420151e-02
2.155487130292886924e-02
2.017119128290625896e-02
2.066080996293653479e-02
2.795202152278197100e-02
2.777032984353043632e-02
2.748443770375750064e-02
2.142964210241615416e-02
1.889480655683825616e-02
1.721095167670031942e-02
2.768046976323151886e-02
2.098919638061420151e-02
1.922737255189850905e-02
1.838290944084509590e-02
1.607638749592820923e-02
2.102715446267580668e-02
2.370761315559679477e-02
2.049997656389470832e-02
3.082269159080042870e-02
2.976233822584893954e-02
2.310119028752287418e-02
1.917217458982382536e-02
1.598976491270700379e-02
2.601425362641744676e-02
1.691943045122844963e-02
2.049997656389470832e-02
2.397037790605276858e-02
2.408300176078336310e-02
2.101423423820649589e-02
3.118676619163080269e-02
1.672952988947741179e-02
2.031255508636606658e-02
2.397037790605276858e-02
3.118676619163080269e-02
2.610842618537538573e-02
2.241707523704249139e-02
2.077734459688027752e-02
1.706363157356157942e-02
2.621749482820599428e-02
2.590162977168685224e-02
2.177636128996271112e-02
1.818493051219045517e-02
1.885049325986956625e-02
1.460608489268439003e-02
2.601425362641744676e-02
2.955719152983842316e-02
1.691272536350504202e-02
1.671537669699111120e-02
2.976233822584893954e-02
1.636790872140007902e-02
1.652628868768886428e-02
2.158186491951260416e-02
1.483085690088762135e-02
3.012868272558821142e-02
1.739949174747149399e-02
2.759706155848809517e-02
2.095903627613181219e-02
1.567389985618786175e-02
2.583105815238981653e-02
2.135163010114032520e-02
2.200113329816594243e-02
2.397037790605276858e-02
2.684927488695436695e-02
2.393238516380002609e-02
1.736933164298910467e-02
2.031255508636606658e-02
2.616515983647398416e-02
1.706209588453766468e-02
1.888065336435195557e-02
1.524507409374729026e-02
2.247783175372691095e-02
2.631247993961272416e-02
1.763512276931136769e-02
2.829874071032852795e-02
2.049997656389470832e-02
2.691294650800771238e-02
2.083254255895496121e-02
1.795098782583050626e-02
2.393238516380002609e-02
2.098919638061420151e-02
2.045566326692601841e-02
2.964971437111834501e-02
2.408300176078336310e-02
1.942198445561935452e-02
1.922737255189850905e-02
2.811704903107698980e-02
2.468399821959352258e-02
3.012868272558821142e-02
2.424825022031916813e-02
2.996557942763748705e-02
1.997669491245615200e-02
1.696374374819713954e-02
1.955615783288695841e-02
1.570405996067025106e-02
2.567685776348362092e-02
2.942494236291511370e-02
1.976773844426110358e-02
2.990391071738498011e-02
2.477542811910026649e-02
2.404500901853062061e-02
1.676050254640859202e-02
1.800745030456932586e-02
2.054818610820594027e-02
1.726614963877500658e-02
2.179371670324652815e-02
1.696374374819713954e-02
1.961262031162577801e-02
2.339888671030298031e-02
1.700689792246298099e-02
2.834182103928022459e-02
1.578571115846966189e-02
1.917217458982382536e-02
2.050858714584008480e-02
1.749092164697823790e-02
1.838290944084509590e-02
1.399966202461046944e-02
2.779309361796211339e-02
3.082269159080042870e-02
2.710897856748173060e-02
2.827370285273623010e-02
2.158186491951260416e-02
2.768046976323151886e-02
2.845444489401081911e-02
3.125488437817479370e-02
2.691294650800771238e-02
3.082269159080042870e-02
2.845444489401081911e-02
2.215335611526239243e-02
2.227268505771639456e-02
2.098919638061420151e-02
2.550742972656522625e-02
1.691943045122844963e-02
2.996557942763748705e-02
2.336089396805023782e-02
3.082269159080042870e-02
2.098919638061420151e-02
1.578571115846966189e-02
3.082269159080042870e-02
2.883937777505089783e-02
2.071182834762863231e-02
1.514672195740676339e-02
2.214043589079308511e-02
1.795071665347072742e-02
3.136750823290539170e-02
3.044454778210734999e-02
1.598976491270700379e-02
2.705224491638313217e-02
1.854655168026778794e-02
2.684927488695436695e-02
2.631247993961272416e-02
2.019993123163547205e-02
2.799633481975066090e-02
2.051579628815461409e-02
2.155487130292886924e-02
1.774774662404196221e-02
1.366226616167664186e-02
1.388703816987987491e-02
2.710897856748173060e-02
2.045566326692601841e-02
1.726614963877500658e-02
2.710897856748173060e-02
2.259436638767065367e-02
2.105731456715819599e-02
1.483085690088762135e-02
2.583105815238981653e-02
2.098919638061420151e-02
1.581668381540084559e-02
1.757257284477765219e-02
2.955719152983842316e-02
1.818493051219045517e-02
1.691272536350504202e-02
2.353818511867840010e-02
2.098919638061420151e-02
1.850223838329909803e-02
1.598976491270700379e-02
2.705224491638313217e-02
3.068339318242500890e-02
1.513256876492046279e-02
1.494348075561821587e-02
2.795202152278197100e-02
1.581668381540084559e-02
2.105731456715819599e-02
3.118676619163080269e-02
2.231699835468508447e-02
2.369040793577485010e-02
3.044454778210734999e-02
2.583105815238981653e-02
2.420393692335047822e-02
1.664787869167799750e-02
2.054818610820594027e-02
2.647085990590150942e-02
1.800745030456932586e-02
2.095903627613181219e-02
2.370761315559679477e-02
1.982447209535970201e-02
2.457137436486292806e-02
2.845444489401081911e-02
1.995933949917233496e-02
1.765919542799885764e-02
2.647085990590150942e-02
1.833715332928690517e-02
1.917217458982382536e-02
1.997669491245615200e-02
1.510240866043807348e-02
1.765919542799885764e-02
1.997669491245615200e-02
2.215335611526239243e-02
2.155487130292886924e-02
1.774774662404196221e-02
2.613346404296768358e-02
1.700689792246298099e-02
2.667410110769005346e-02
2.353818511867840010e-02
2.049997656389470832e-02
2.955719152983842316e-02
1.955615783288695841e-02
2.310119028752287418e-02
2.939826362501856555e-02
2.231699835468508447e-02
2.105731456715819599e-02
2.457137436486292806e-02
2.990391071738498011e-02
1.982447209535970201e-02
2.743868159219930991e-02
3.024130658031880595e-02
2.045566326692601841e-02
1.918635343377948083e-02
2.048582337140840773e-02
2.647085990590150942e-02
2.705251608874291447e-02
1.901552076816458506e-02
2.509129317561940506e-02
2.590162977168685224e-02
1.884895757084565499e-02
1.399966202461046944e-02
1.942198445561935452e-02
1.893298835608396569e-02
2.865768609579936663e-02
2.551519309587067449e-02
3.166573454610066563e-02
2.829874071032852795e-02
3.118676619163080269e-02
2.964971437111834501e-02
2.039596329110949027e-02
1.388703816987987491e-02
2.019993123163547205e-02
2.616515983647398416e-02
1.795071665347072742e-02
2.455065611089703517e-02
2.705251608874291447e-02
2.261940424526294804e-02
2.158186491951260416e-02
2.852351271853175926e-02
2.705224491638313217e-02
2.452561825330473733e-02
2.745569775502828755e-02
1.760273294926004151e-02
2.779309361796211339e-02
1.961262031162577801e-02
1.800745030456932586e-02
2.420393692335047822e-02
2.399988316911313979e-02
1.664787869167799750e-02
2.045566326692601841e-02
1.942198445561935452e-02
2.031255508636606658e-02
1.885049325986956625e-02
1.668521659250872188e-02
1.494348075561821587e-02
3.279193619868725484e-02
2.964971437111834501e-02
3.136750823290539170e-02
1.884895757084565499e-02
3.044454778210734999e-02
2.173698305214792972e-02
1.642310668347476618e-02
1.691272536350504202e-02
2.231699835468508447e-02
1.642310668347476618e-02
2.748443770375750064e-02
1.657532950057121618e-02
1.849553329557569042e-02
1.961262031162577801e-02
2.457137436486292806e-02
1.935291663109841437e-02
1.780678670349737994e-02
2.227268505771639456e-02
2.546943698431248376e-02
2.102715446267580668e-02
1.962844003588568378e-02
1.869877449736423794e-02
1.973784951213849309e-02
1.935291663109841437e-02
1.918635343377948083e-02
2.673665103222377243e-02
1.584217363720848148e-02
2.928563977028797102e-02
2.015417512007728132e-02
2.562781695060126902e-02
1.739949174747149399e-02
1.945214456010174384e-02
2.590162977168685224e-02
2.158186491951260416e-02
1.780678670349737994e-02
2.906086776208473971e-02
1.889480655683825616e-02
2.424825022031916813e-02
1.882391971325335714e-02
2.071182834762863231e-02
2.550742972656522625e-02
2.330443148931142169e-02
1.818493051219045517e-02
2.116993842188879052e-02
2.865768609579936663e-02
2.942494236291511370e-02
1.558246995668111784e-02
1.804563210381503538e-02
1.513256876492046279e-02
1.991996126135755357e-02
1.935291663109841437e-02
1.696374374819713954e-02
1.976773844426110358e-02
1.872974715429541817e-02
1.567389985618786175e-02
2.276379442458904487e-02
2.799633481975066090e-02
2.789528787168337257e-02
1.849553329557569042e-02
2.098919638061420151e-02
2.077734459688027752e-02
1.866880158061803158e-02
2.397037790605276858e-02
1.991996126135755357e-02
1.760354550170883242e-02
2.779309361796211339e-02
1.741035076110813290e-02
1.997515922343224073e-02
2.408300176078336310e-02
2.369040793577485010e-02
2.438122807397864050e-02
1.558246995668111784e-02
2.404500901853062061e-02
1.938959463556802487e-02
1.460608489268439003e-02
2.039596329110949027e-02
2.550742972656522625e-02
1.425936570513783308e-02
2.173698305214792972e-02
2.011599332083157179e-02
2.029673536210616080e-02
1.901552076816458506e-02
1.691272536350504202e-02
3.118676619163080269e-02
1.513256876492046279e-02
1.711596656529358954e-02
1.420290322639901522e-02
1.642310668347476618e-02
2.691294650800771238e-02
1.706363157356157942e-02
2.397037790605276858e-02
2.015417512007728132e-02
1.749092164697823790e-02
1.598976491270700379e-02
3.157074943469393574e-02
1.869877449736423794e-02
2.546943698431248376e-02
1.922737255189850905e-02
1.869156535504970865e-02
1.546984610195052331e-02
2.071182834762863231e-02
2.420393692335047822e-02
1.872974715429541817e-02
2.330443148931142169e-02
2.647085990590150942e-02
2.960150482680711306e-02
2.996557942763748705e-02
2.137317962367733457e-02
1.976773844426110358e-02
1.739949174747149399e-02
2.789528787168337257e-02
3.118676619163080269e-02
2.408300176078336310e-02
2.567685776348362092e-02
2.031255508636606658e-02
2.583105815238981653e-02
1.721095167670031942e-02
2.261940424526294804e-02
2.029673536210616080e-02
2.789528787168337257e-02
2.780030276027664268e-02
1.869156535504970865e-02
2.397037790605276858e-02
2.789528787168337257e-02
1.976773844426110358e-02
1.942198445561935452e-02
2.902148952426995832e-02
1.901552076816458506e-02
1.861712329956482365e-02
1.749092164697823790e-02
2.370761315559679477e-02
1.893298835608396569e-02
3.024130658031880595e-02
2.310119028752287418e-02
2.789528787168337257e-02
1.795098782583050626e-02
2.066751505065994240e-02
2.236520789899631642e-02
2.259436638767065367e-02
1.728686789274089947e-02
1.622861031302465923e-02
1.956476841483233836e-02
3.136750823290539170e-02
2.834182103928022459e-02
3.136750823290539170e-02
3.125488437817479370e-02
2.277605806692218834e-02
3.166573454610066563e-02
2.155487130292886924e-02
1.657532950057121618e-02
2.488723942138207010e-02
2.509129317561940506e-02
1.489835490620073505e-02
1.835416949211588281e-02
2.172116332788802395e-02
1.976800961662088241e-02
2.211375715289653696e-02
1.763512276931136769e-02
2.211375715289653696e-02
2.494370190012088623e-02
1.420290322639901522e-02
2.743868159219930991e-02
1.607638749592820923e-02
1.622861031302465923e-02
1.494348075561821587e-02
2.420393692335047822e-02
1.664787869167799750e-02
1.924029277636781984e-02
1.839235129136159233e-02
2.277605806692218834e-02
2.277605806692218834e-02
2.960150482680711306e-02
2.077734459688027752e-02
1.869156535504970865e-02
2.113977831740640120e-02
2.759706155848809517e-02
3.068339318242500890e-02
1.676050254640859202e-02
2.428624296257191062e-02
2.779309361796211339e-02
1.781141824509530763e-02
3.118676619163080269e-02
2.455065611089703517e-02
2.330443148931142169e-02
2.261940424526294804e-02
1.691943045122844963e-02
3.044454778210734999e-02
3.125488437817479370e-02
1.676050254640859202e-02
3.118676619163080269e-02
2.705251608874291447e-02
2.691294650800771238e-02
2.045566326692601841e-02
1.869156535504970865e-02
1.774774662404196221e-02
2.116993842188879052e-02
1.581668381540084559e-02
2.590162977168685224e-02
1.765919542799885764e-02
1.872974715429541817e-02
2.158186491951260416e-02
3.082269159080042870e-02
2.116993842188879052e-02
2.562781695060126902e-02
2.039596329110949027e-02
1.676050254640859202e-02
2.468399821959352258e-02
1.544912784798462869e-02
1.869156535504970865e-02
2.705224491638313217e-02
2.865768609579936663e-02
2.277605806692218834e-02
1.760354550170883242e-02
2.616515983647398416e-02
2.071182834762863231e-02
2.616515983647398416e-02
1.721095167670031942e-02
1.976800961662088241e-02
1.420290322639901522e-02
2.227268505771639456e-02
1.420290322639901522e-02
2.039596329110949027e-02
1.973784951213849309e-02
2.578674485542112663e-02
2.031255508636606658e-02
1.800591461554541459e-02
2.017119128290625896e-02
1.924029277636781984e-02
2.488723942138207010e-02
1.800745030456932586e-02
2.017119128290625896e-02
1.976800961662088241e-02
2.779309361796211339e-02
1.942198445561935452e-02
1.578652371091845627e-02
2.705224491638313217e-02
2.477542811910026649e-02
1.547928795246701801e-02
1.835416949211588281e-02
2.276379442458904487e-02
2.780030276027664268e-02
1.774774662404196221e-02
2.050858714584008480e-02
2.976233822584893954e-02
2.226597996999298695e-02
2.137317962367733457e-02
2.173698305214792972e-02
1.838290944084509590e-02
2.546943698431248376e-02
1.706363157356157942e-02
1.902797346749069557e-02
2.780030276027664268e-02
1.736933164298910467e-02
2.050858714584008480e-02
2.468399821959352258e-02
1.724111178118270873e-02
2.567685776348362092e-02
2.906086776208473971e-02
2.017119128290625896e-02
1.774774662404196221e-02
1.866880158061803158e-02
2.795202152278197100e-02
2.050858714584008480e-02
1.366226616167664186e-02
2.710897856748173060e-02
1.703193578005527536e-02
2.098919638061420151e-02
2.907822317536855675e-02
2.208523792871839794e-02
2.049997656389470832e-02
1.953460831034994905e-02
1.924029277636781984e-02
1.760273294926004151e-02
2.494370190012088623e-02
2.452561825330473733e-02
2.316004130998532140e-02
2.134301951919494525e-02
2.226597996999298695e-02
2.551519309587067449e-02
2.095903627613181219e-02
3.068339318242500890e-02
1.706363157356157942e-02
2.397037790605276858e-02
1.513256876492046279e-02
2.428624296257191062e-02
2.158186491951260416e-02
2.748443770375750064e-02
1.850223838329909803e-02
1.676050254640859202e-02
2.667410110769005346e-02
2.200113329816594243e-02
3.044454778210734999e-02
2.529042108766744318e-02
1.833715332928690517e-02
1.917217458982382536e-02
2.907822317536855675e-02
2.142964210241615416e-02
1.834331047847924043e-02
1.706363157356157942e-02
3.006056453904421694e-02
2.428624296257191062e-02
3.279193619868725484e-02
1.922737255189850905e-02
2.428624296257191062e-02
1.800591461554541459e-02
2.928563977028797102e-02
1.823068662374864590e-02
3.157074943469393574e-02
2.246922117178153447e-02
2.684927488695436695e-02
2.745569775502828755e-02
1.872974715429541817e-02
1.691272536350504202e-02
1.872974715429541817e-02
1.884895757084565499e-02
2.015417512007728132e-02
2.399988316911313979e-02
1.945214456010174384e-02
1.601992501718939310e-02
1.924029277636781984e-02
2.434660235665969327e-02
2.048582337140840773e-02
2.834182103928022459e-02
2.284417625346618283e-02
1.739949174747149399e-02
1.581668381540084559e-02
2.032341410000270895e-02
3.136750823290539170e-02
2.590162977168685224e-02
1.800745030456932586e-02
1.763512276931136769e-02
2.336089396805023782e-02
1.869877449736423794e-02
1.888065336435195557e-02
2.601425362641744676e-02
2.852351271853175926e-02
1.494348075561821587e-02
2.795202152278197100e-02
1.691943045122844963e-02
2.748443770375750064e-02
2.142964210241615416e-02
1.736933164298910467e-02
1.494348075561821587e-02
2.214043589079308511e-02
2.673665103222377243e-02
1.888065336435195557e-02
2.613346404296768358e-02
2.370761315559679477e-02
2.142964210241615416e-02
2.845444489401081911e-02
1.696374374819713954e-02
2.080238245447257189e-02
1.922737255189850905e-02
2.811704903107698980e-02
2.583105815238981653e-02
1.736933164298910467e-02
1.760354550170883242e-02
1.700689792246298099e-02
1.800745030456932586e-02
2.455065611089703517e-02
2.455065611089703517e-02
1.726614963877500658e-02
1.388703816987987491e-02
1.514672195740676339e-02
3.024130658031880595e-02
1.366226616167664186e-02
2.374560589784953726e-02
2.865768609579936663e-02
1.884895757084565499e-02
1.938959463556802487e-02
2.015417512007728132e-02
2.906086776208473971e-02
3.012868272558821142e-02
1.741035076110813290e-02
2.336089396805023782e-02
1.578652371091845627e-02
1.760354550170883242e-02
2.705224491638313217e-02
2.098919638061420151e-02
1.917217458982382536e-02
1.494348075561821587e-02
3.024130658031880595e-02
2.226597996999298695e-02
1.953460831034994905e-02
2.018411150737556628e-02
2.960150482680711306e-02
3.136750823290539170e-02
2.236520789899631642e-02
1.570405996067025106e-02
2.032341410000270895e-02
1.671537669699111120e-02
1.765919542799885764e-02
1.850223838329909803e-02
1.982447209535970201e-02
1.706363157356157942e-02
1.982447209535970201e-02
1.584217363720848148e-02
2.208523792871839794e-02
2.551519309587067449e-02
1.425936570513783308e-02
2.863613657326235379e-02
2.691294650800771238e-02
2.172116332788802395e-02
1.834331047847924043e-02
2.098919638061420151e-02
2.964971437111834501e-02
2.193301511162194795e-02
2.211375715289653696e-02
1.749092164697823790e-02
1.781141824509530763e-02
2.509129317561940506e-02
2.098919638061420151e-02
2.865768609579936663e-02
2.562781695060126902e-02
