1.837193035414666845e-02
1.949029594176029945e-02
1.758839718780768821e-02
1.925941237270209147e-02
1.851383319461248622e-02
2.111621384652454664e-02
2.082902315716979660e-02
1.952031712180478731e-02
2.007892571551723668e-02
1.581470343312563892e-02
1.783670492061779911e-02
1.764352647268717725e-02
1.881267851087172621e-02
1.898234836796559161e-02
2.019221896284870491e-02
1.724395654696866606e-02
1.639754287388223847e-02
1.915553890970366629e-02
1.790589972346643202e-02
1.821589105581465293e-02
2.104857972995726259e-02
1.917577637111025218e-02
1.896246033175406215e-02
1.917653516794701196e-02
1.971497594176147353e-02
1.847103421108702709e-02
1.915553890970366629e-02
1.631500818138779604e-02
1.582402353667111336e-02
1.916048256958928497e-02
1.784813737821808882e-02
1.797760690853353327e-02
1.986657466028731236e-02
1.830359033427414114e-02
1.795061197470617168e-02
2.172119573122934313e-02
1.624683949797407073e-02
1.883828566249103748e-02
1.948287114591697525e-02
1.856468521238201219e-02
1.930742628792080778e-02
1.853897792401376296e-02
1.965079860336895259e-02
1.706393298095324612e-02
1.682263816752816929e-02
1.833575661220546507e-02
1.932123533767020687e-02
1.987631238751567594e-02
1.721658334046981265e-02
1.885177483564613038e-02
1.865762562043003434e-02
2.080030727119151768e-02
1.762841506760792418e-02
1.741301478520411103e-02
1.849168131090324352e-02
1.867159681437413621e-02
2.032341460464103314e-02
2.008789792733344653e-02
1.909777656445532310e-02
2.054004102232451223e-02
1.741489738428341622e-02
1.798101691453846823e-02
1.793877752081234067e-02
2.093833570979968320e-02
2.004243714196637244e-02
1.958685398889991464e-02
2.118986650728754348e-02
1.659680763834009420e-02
1.917653516794701196e-02
1.870360597390022944e-02
1.936660043893908070e-02
1.742421748782889065e-02
1.863264695958304767e-02
1.739152426712303745e-02
1.942138731869198082e-02
1.832122933045394336e-02
2.037829059987960115e-02
1.666890087316852051e-02
1.988116047192253419e-02
1.546841203074803342e-02
1.829609328443380228e-02
1.661652553164355561e-02
1.980997088289090935e-02
1.728730486094091912e-02
1.768875373767983539e-02
2.181079943995632708e-02
1.974972840648175909e-02
1.813190073537054164e-02
1.738091594850886892e-02
1.639754287388223847e-02
1.688301031072215325e-02
2.120919313260817562e-02
1.873045108879810641e-02
2.218797489603691747e-02
2.106922682977347555e-02
1.743366188502032746e-02
1.753805036177166765e-02
1.906722261531712884e-02
1.877824048047184100e-02
1.753259168813313396e-02
1.847262348012940897e-02
1.886134220877189877e-02
1.848699662354501283e-02
1.988438117367773844e-02
1.815254783518675807e-02
1.797760690853353327e-02
1.680335938432040918e-02
2.111621384652454664e-02
1.582851248287503801e-02
1.819144461828479595e-02
1.656423172199913973e-02
1.881597710750302493e-02
1.881264092610640537e-02
1.966018906200857688e-02
1.848236120735776908e-02
1.724395654696866606e-02
1.794129187116070070e-02
2.139810886303023657e-02
1.880863942946378944e-02
1.755585687516209373e-02
1.917218565341348435e-02
1.712229116790943417e-02
1.548994310082475734e-02
1.943417285443141060e-02
1.641300877798785099e-02
1.847684363178653949e-02
1.815288695836597341e-02
1.813606980498016358e-02
1.913188368283605389e-02
1.643011879022319294e-02
2.023014865952852542e-02
1.802094289106574709e-02
1.904421186261139043e-02
1.913428373202517851e-02
1.697004823243731045e-02
1.852073632006073778e-02
1.803371969384658102e-02
1.921153460923779796e-02
1.659638583792603928e-02
1.679058248803627293e-02
1.783670492061779911e-02
1.925009226915662050e-02
1.836659443172282066e-02
1.777823447325558096e-02
2.032724455107143974e-02
1.518047960398595866e-02
2.069126396633580098e-02
1.938187904478699125e-02
1.966335074305407271e-02
1.677130370482851282e-02
1.948432658032951681e-02
1.633482043732216796e-02
1.938933163920008446e-02
2.008704087846776079e-02
1.743375624765123449e-02
1.836567287669698539e-02
1.865079259615268908e-02
1.716813759642152673e-02
1.764352647268717725e-02
2.043549445772972067e-02
1.808176220514549210e-02
1.848286513870071521e-02
1.852315329815795719e-02
1.851239207148352994e-02
1.954055458321137320e-02
1.919088750942158153e-02
2.093833570979968320e-02
1.548994310082475734e-02
1.993472517376646339e-02
1.693799255294541409e-02
1.847853126092736595e-02
1.677600055419116790e-02
1.901073029009062165e-02
2.138513340510650451e-02
1.497696285033025057e-02
1.958180094902978174e-02
1.998811107535495429e-02
1.865762562043003434e-02
1.768381463214442270e-02
1.732613424866211171e-02
1.913121284919945889e-02
1.718800751346732936e-02
1.896027201188470526e-02
1.842138131147571731e-02
1.849665588772091140e-02
1.834890666218134264e-02
1.692156797064097579e-02
1.679058248803627293e-02
1.917653516794701196e-02
1.711622679059766200e-02
1.916285955902766180e-02
2.147166596423984164e-02
1.953717891179919050e-02
1.895986237347507819e-02
1.896829281220432234e-02
1.847103421108702709e-02
1.753259168813313396e-02
1.761653153885981912e-02
1.816047656237302493e-02
1.970137146086245114e-02
1.949961604530577042e-02
2.203425821317121086e-02
2.024416174921044032e-02
1.902839322759593624e-02
1.815703678139068272e-02
1.865670406540419907e-02
1.873045108879810641e-02
1.991851744664904778e-02
1.877824048047184100e-02
1.642126085652417453e-02
1.803371969384658102e-02
2.002548098934105875e-02
1.757650397497831016e-02
2.000032773644192657e-02
1.821658934768607269e-02
1.739152426712303745e-02
1.710182891150120038e-02
1.793877752081234067e-02
1.692252664883980157e-02
1.831551915079887918e-02
1.967144570318516555e-02
2.104857972995726259e-02
1.727207298879176664e-02
1.823154402602782456e-02
1.706587996456164491e-02
1.869131717925837793e-02
1.847101115133627930e-02
2.182319668393579645e-02
1.695112553559303264e-02
1.743372932625640928e-02
2.069511873023846538e-02
1.753897191679750292e-02
1.763685120089288766e-02
1.784602502416327355e-02
1.808870193606984186e-02
1.822847287643417774e-02
2.036224399236222574e-02
1.917653516794701196e-02
1.984910479243063783e-02
1.749282309677901298e-02
1.739373836785099853e-02
1.813172029044663597e-02
1.677274482795746910e-02
2.088354883004678308e-02
2.086750222252940767e-02
2.109874397866787210e-02
2.017670393335234749e-02
1.773777511750499261e-02
1.790682127849226729e-02
1.755585687516209373e-02
1.851264135992964494e-02
1.836659443172282066e-02
1.832284165924707650e-02
2.080030727119151768e-02
1.867143969596890551e-02
2.038512739789024447e-02
1.546841203074803342e-02
1.855238302988894070e-02
1.981141200601986563e-02
1.663976851368867763e-02
2.079019376944860747e-02
1.755585687516209373e-02
1.899742517168416522e-02
1.865079259615268908e-02
1.712229116790943417e-02
1.811200239714317109e-02
1.629436108157157961e-02
1.791896526487796876e-02
1.963265296679930771e-02
1.815760087505688750e-02
1.768875373767983539e-02
1.644983668352665435e-02
2.148406320821931101e-02
2.148099205862566419e-02
1.943417285443141060e-02
1.915493083184139494e-02
2.004857372274099908e-02
1.976228054616687921e-02
1.982200462163346069e-02
2.032724455107143974e-02
2.054004102232451223e-02
1.850692224452186660e-02
1.999980816833880209e-02
1.998811107535495429e-02
1.897998990518817014e-02
1.914879071007062269e-02
2.135897495349050809e-02
1.724632593708720976e-02
1.866285910522406943e-02
2.037829059987960115e-02
1.905353795699721298e-02
1.948646599532989285e-02
2.016286556624392184e-02
1.848645998811363281e-02
1.804954177781897817e-02
1.550286818031364894e-02
1.926446541257222436e-02
1.880792700941548781e-02
2.147166596423984164e-02
2.182319668393579645e-02
1.582402353667111336e-02
1.693799255294541409e-02
1.904421186261139043e-02
1.851264135992964494e-02
1.756467920516575215e-02
1.753259168813313396e-02
1.815115645882755049e-02
2.104857972995726259e-02
1.840156905554134539e-02
1.781846739934040205e-02
1.973008734684073007e-02
1.958685398889991464e-02
1.961531206293421967e-02
1.882640213374293242e-02
1.879533000768680850e-02
1.973158276991211421e-02
1.896246033175406215e-02
2.063647708658290086e-02
1.666890087316852051e-02
2.036480142672450824e-02
2.109874397866787210e-02
1.840156905554134539e-02
1.959559169804997794e-02
1.743372932625640928e-02
1.614831933327089478e-02
1.757399930871122312e-02
1.993472517376646339e-02
2.139810886303023657e-02
1.848286513870071521e-02
1.730277076504653164e-02
2.138461968987514020e-02
1.926446541257222436e-02
1.963554952434080556e-02
1.793877752081234067e-02
1.883578936343739685e-02
2.009636098201323523e-02
2.035641151191196555e-02
1.549787182801102420e-02
1.683452169627627434e-02
1.787116107018341463e-02
1.658706573438056484e-02
1.916048256958928497e-02
1.666890087316852051e-02
1.724395654696866606e-02
1.546929600100854438e-02
2.071186362962726055e-02
1.896246033175406215e-02
1.643417544590718843e-02
1.534716845210285993e-02
1.802238401419470337e-02
1.821914678204835519e-02
1.948576770345847309e-02
1.726507797863575944e-02
1.762287937287096429e-02
2.071186362962726055e-02
1.742421748782889065e-02
1.738826854088933518e-02
1.646974348417515679e-02
1.679146645829678042e-02
1.676774847565484436e-02
1.711297106436396320e-02
2.006139614208312869e-02
1.775842221732120904e-02
1.798265994840366269e-02
2.218797489603691747e-02
1.963265296679930771e-02
1.864595207798950410e-02
1.801307259403036459e-02
1.929857253095295516e-02
1.771546134197262562e-02
1.781846739934040205e-02
2.020950155971231246e-02
1.882928652928000240e-02
1.847684363178653949e-02
2.101728404341174014e-02
1.999980816833880209e-02
1.838092195572513243e-02
1.723991887286487057e-02
1.792945741726686970e-02
1.898210186195372143e-02
1.952031712180478731e-02
2.005918204135516761e-02
1.756467920516575215e-02
1.957248084548431077e-02
1.865079259615268908e-02
1.682263816752816929e-02
1.645035625162977883e-02
2.203425821317121086e-02
1.803784991830031589e-02
1.905609539135949548e-02
1.599431736073143179e-02
1.800977318646485720e-02
1.710182891150120038e-02
1.773962013181897696e-02
1.796249550345427673e-02
1.951638225982141317e-02
1.850692224452186660e-02
1.916285955902766180e-02
1.615341928515923522e-02
1.726367444027212747e-02
2.005918204135516761e-02
1.862288538008722433e-02
1.800045308291938623e-02
1.915493083184139494e-02
1.848645998811363281e-02
2.115103711956635435e-02
1.829609328443380228e-02
1.693943367607437037e-02
2.145534732224103208e-02
1.973008734684073007e-02
2.126398001236107227e-02
1.853897792401376296e-02
2.035764350006338819e-02
1.829609328443380228e-02
1.658794970464107579e-02
2.056006832454346928e-02
2.135102628672577371e-02
2.032341460464103314e-02
1.832609738548077530e-02
1.743800823684908685e-02
1.872181518320003082e-02
2.017526281022339121e-02
1.851239207148352994e-02
1.790964516133249779e-02
2.101984147777402265e-02
1.955873687111634937e-02
1.514831332605463127e-02
1.764352647268717725e-02
1.801563002839264710e-02
1.938933163920008446e-02
1.914879071007062269e-02
1.802238401419470337e-02
1.660771283419678127e-02
2.120919313260817562e-02
1.801307259403036459e-02
2.035641151191196555e-02
1.774894023536444793e-02
1.862332685603757670e-02
1.727207298879176664e-02
1.756467920516575215e-02
1.694180543204756167e-02
1.709250880795572594e-02
1.879533000768680850e-02
2.103333065092911555e-02
1.913357131197688035e-02
2.032648575423467996e-02
2.036480142672450824e-02
2.053135243856519035e-02
2.088354883004678308e-02
1.849665588772091140e-02
1.898761943752495102e-02
2.091296300789648177e-02
1.659313090035167623e-02
1.832284165924707650e-02
1.723021257260070466e-02
1.832372562950758399e-02
1.916048256958928497e-02
1.741485979951809537e-02
1.833885468319393711e-02
1.716813759642152673e-02
2.093833570979968320e-02
2.023135287238842991e-02
1.600363746427690276e-02
1.953717891179919050e-02
1.966335074305407271e-02
2.099981417555506560e-02
1.848791817857084463e-02
1.763113145140728782e-02
1.834047052889637916e-02
1.896201885580370977e-02
1.895934280537195371e-02
1.692200708073668056e-02
2.070137746807871118e-02
2.031408851025521059e-02
1.599757308696513058e-02
1.679146645829678042e-02
1.660771283419678127e-02
2.035764350006338819e-02
1.816552960224315436e-02
1.761294916350231166e-02
2.041301831336801709e-02
2.203425821317121086e-02
1.982200462163346069e-02
1.905660910659085980e-02
2.052899397578776888e-02
1.766316753232820627e-02
2.154881223893840084e-02
1.583195226385738022e-02
1.747217599696279655e-02
1.641393798450060254e-02
2.002548098934105875e-02
1.997999591240443018e-02
1.661704509974668009e-02
1.833958655863587167e-02
1.691895925766170872e-02
2.018986050007128344e-02
1.948646599532989285e-02
1.703371368663032098e-02
1.849956965214140034e-02
1.581933884931288267e-02
1.857400531592748316e-02
2.027563373646515399e-02
1.832372562950758399e-02
1.812258063182507067e-02
1.913740125840728695e-02
1.815254783518675807e-02
1.917236609833739003e-02
1.728730486094091912e-02
1.744984269074291786e-02
1.768998572583125803e-02
1.714502674385585956e-02
2.133428138733697854e-02
1.851017797075556887e-02
1.768381463214442270e-02
1.799808132694619492e-02
1.953002098513806697e-02
1.774709522105046705e-02
1.740305847139646950e-02
1.708869592885358182e-02
2.023014865952852542e-02
1.797760690853353327e-02
1.796201284858744973e-02
1.970309241301336847e-02
1.783195657249549843e-02
1.799091202693998623e-02
1.849665588772091140e-02
1.753897191679750292e-02
1.727207298879176664e-02
2.000248421877055816e-02
1.662477761017987915e-02
1.880863942946378944e-02
1.643365587780406395e-02
1.786668428598391437e-02
1.904657551550091241e-02
1.898234836796559161e-02
1.729480856473819203e-02
1.745347414095469937e-02
1.993472517376646339e-02
2.118403402683728329e-02
1.987631238751567594e-02
1.970309241301336847e-02
1.801789506799077525e-02
2.120967876322191539e-02
2.042541555734748646e-02
1.764352647268717725e-02
1.766316753232820627e-02
2.020570813600379781e-02
1.924772051318342919e-02
1.963265296679930771e-02
1.789831816506175580e-02
1.834886627623323607e-02
1.644983668352665435e-02
1.615434084018507049e-02
1.658487882181535270e-02
1.724817095140119411e-02
1.884672179577600096e-02
1.612767223345467835e-02
1.745619052475406302e-02
1.917218565341348435e-02
1.901215618311949407e-02
1.828679130005405815e-02
1.849617025710716817e-02
1.957248084548431077e-02
2.001727803619548010e-02
1.712554689414313644e-02
1.706393298095324612e-02
1.682263816752816929e-02
1.948524813535535208e-02
1.809014305919879814e-02
1.997178644251579316e-02
1.778755457680105193e-02
1.739754888109849851e-02
1.880792700941548781e-02
1.940635609103361428e-02
2.138206225551285769e-02
1.726363685550680663e-02
1.762841506760792418e-02
1.811371844746556548e-02
1.729480856473819203e-02
1.867451057879462514e-02
1.947101715855253934e-02
1.949961604530577042e-02
2.034415432690829181e-02
1.888115446470627068e-02
1.872181518320003082e-02
1.790589972346643202e-02
1.948576770345847309e-02
1.499760995014646700e-02
1.726275288524629567e-02
1.766526772437859716e-02
1.880740744131236680e-02
1.813264949695938752e-02
1.764352647268717725e-02
1.709390018431493352e-02
1.643011879022319294e-02
1.850692224452186660e-02
2.034415432690829181e-02
1.805660309937459976e-02
2.254881824615466435e-02
2.125209648361296721e-02
1.949666189493717144e-02
1.807323603196422934e-02
1.599520133099193928e-02
1.728678529283779811e-02
1.842422349504515069e-02
1.691895925766170872e-02
1.632928176683829530e-02
1.915116246604381400e-02
1.881267851087172621e-02
1.896829281220432234e-02
1.810183491871746042e-02
1.758488482903161620e-02
1.679990259158174390e-02
1.932340859742477310e-02
1.673828867839185358e-02
1.799884075412625309e-02
1.693943367607437037e-02
2.088354883004678308e-02
1.818453366819417633e-02
2.079019376944860747e-02
1.755585687516209373e-02
1.848194358367487994e-02
1.808870193606984186e-02
1.813606980498016358e-02
1.579405633330942596e-02
1.996246633897032219e-02
1.721658334046981265e-02
1.868875974489609543e-02
1.753259168813313396e-02
1.811200239714317109e-02
1.847684363178653949e-02
1.795061197470617168e-02
1.659313090035167623e-02
1.880884856444132308e-02
1.909777656445532310e-02
1.629480255752193199e-02
1.898810506813869425e-02
1.683452169627627434e-02
1.675981974846857750e-02
1.882107705939136538e-02
1.959854584841857691e-02
1.952022275917387681e-02
1.971679283940497990e-02
1.997999591240443018e-02
2.203425821317121086e-02
2.104857972995726259e-02
1.860470309218224816e-02
2.116815663288628205e-02
1.976228054616687921e-02
1.682263816752816929e-02
2.088354883004678308e-02
1.682026641155497798e-02
1.675841621010494553e-02
1.646974348417515679e-02
1.798792786462908785e-02
1.564908261001788856e-02
1.809014305919879814e-02
1.499760995014646700e-02
1.925130320059191893e-02
1.727299454381760191e-02
1.778755457680105193e-02
2.070393490244099369e-02
1.800977318646485720e-02
1.959850546247047035e-02
1.958539579844269934e-02
1.803371969384658102e-02
1.940252614460320768e-02
2.055699717494982245e-02
1.827300055103386195e-02
1.813190073537054164e-02
1.747683762457027598e-02
2.218404003405354333e-02
1.738091594850886892e-02
1.779693632926367813e-02
2.019221896284870491e-02
2.138206225551285769e-02
1.565357155622181320e-02
1.691919621466778448e-02
1.742421748782889065e-02
1.866197513496356195e-02
1.629436108157157961e-02
1.939750233406576166e-02
1.881267851087172621e-02
1.919088750942158153e-02
2.034159689254600931e-02
2.058418394568441862e-02
1.657248380053546327e-02
1.842422349504515069e-02
1.931674639146627875e-02
1.978625290024897329e-02
1.972004856563868216e-02
1.616813158920526669e-02
1.950217947050840450e-02
2.008789792733344653e-02
1.774894023536444793e-02
1.765958677683930958e-02
1.884672179577600096e-02
2.088518871057803983e-02
1.674760878193732802e-02
2.230861457355098540e-02
1.898210186195372143e-02
1.581933884931288267e-02
1.767569275061850465e-02
1.741489738428341622e-02
1.966335074305407271e-02
1.692344820386563337e-02
1.895863038532365555e-02
1.865971328562603115e-02
1.776775448287110787e-02
1.828294323445792471e-02
1.660771283419678127e-02
1.769999543786701310e-02
1.658487882181535270e-02
1.935163885278931226e-02
1.817052595454577910e-02
1.987631238751567594e-02
1.628295250189589968e-02
2.037829059987960115e-02
2.213318801628401736e-02
2.032724455107143974e-02
2.044052669565881580e-02
1.674708921383420354e-02
1.741819598091471494e-02
1.928677918810459135e-02
1.832730831691607720e-02
2.054004102232451223e-02
2.160728268630062246e-02
1.745399370905782038e-02
1.942016514078301337e-02
1.955066808495428340e-02
1.614409918161376425e-02
1.784068910173942230e-02
1.597004222522105041e-02
1.790589972346643202e-02
1.680335938432040918e-02
2.054511364620171740e-02
2.056006832454346928e-02
1.530260715289164311e-02
1.933780048568088661e-02
1.749282309677901298e-02
1.917218565341348435e-02
1.933454475944718434e-02
2.148406320821931101e-02
1.779782029952418909e-02
2.069419717521263011e-02
1.694268940230806916e-02
1.756467920516575215e-02
1.567192878440374151e-02
2.007071624562859966e-02
1.692156797064097579e-02
1.631996166329282086e-02
1.908103166506652792e-02
1.820076472183026692e-02
1.661652553164355561e-02
1.786133620155563873e-02
1.877824048047184100e-02
2.114750953307006909e-02
1.676774847565484436e-02
1.949834952407799790e-02
1.948576770345847309e-02
1.896201885580370977e-02
2.038157061768285788e-02
1.582026040433871447e-02
1.902148227750531662e-02
1.531500217417153253e-02
1.612767223345467835e-02
1.756467920516575215e-02
1.896201885580370977e-02
1.630412266106740296e-02
2.073540688969570736e-02
1.793877752081234067e-02
1.744984269074291786e-02
1.823992488008113061e-02
1.838092195572513243e-02
1.986749621531314763e-02
1.786133620155563873e-02
2.017219166062974439e-02
1.497696285033025057e-02
2.016921340025506701e-02
1.855238302988894070e-02
1.881267851087172621e-02
1.951638225982141317e-02
1.790682127849226729e-02
1.726697303690342619e-02
1.905660910659085980e-02
1.701306658681410455e-02
2.007892571551723668e-02
1.913188368283605389e-02
2.194383636144986438e-02
1.951149957405387547e-02
1.809251481517198945e-02
1.842422349504515069e-02
1.883256654708325914e-02
1.895934280537195371e-02
1.692200708073668056e-02
1.930742628792080778e-02
1.917653516794701196e-02
2.088354883004678308e-02
1.982200462163346069e-02
1.949666189493717144e-02
1.611626365377899842e-02
1.831551915079887918e-02
2.092484653664458683e-02
1.987631238751567594e-02
1.845788416111114952e-02
2.070393490244099369e-02
2.003915712416311570e-02
1.799091202693998623e-02
1.738091594850886892e-02
1.776775448287110787e-02
1.881267851087172621e-02
2.088518871057803983e-02
1.775842221732120904e-02
1.773962013181897696e-02
2.004243714196637244e-02
1.739754888109849851e-02
1.807323603196422934e-02
1.711622679059766200e-02
1.963647107936664082e-02
1.518047960398595866e-02
1.833721480266268036e-02
1.798265994840366269e-02
1.866361501549481869e-02
2.053135243856519035e-02
1.809251481517198945e-02
1.917218565341348435e-02
1.645035625162977883e-02
1.837193035414666845e-02
1.815760087505688750e-02
1.565357155622181320e-02
1.851264135992964494e-02
1.691919621466778448e-02
1.816552960224315436e-02
1.783670492061779911e-02
2.077966017137530125e-02
1.865780606535394001e-02
1.682026641155497798e-02
2.092484653664458683e-02
1.916337912713078281e-02
1.615434084018507049e-02
1.768875373767983539e-02
1.831551915079887918e-02
1.822847287643417774e-02
2.118403402683728329e-02
1.955873687111634937e-02
1.694268940230806916e-02
1.755585687516209373e-02
1.660859680445728875e-02
2.037829059987960115e-02
1.939750233406576166e-02
2.148099205862566419e-02
1.709694800738990536e-02
1.949834952407799790e-02
1.708458008076945908e-02
1.868336851249364355e-02
1.760469708496598812e-02
1.729480856473819203e-02
1.771063282564747099e-02
2.056116025371909281e-02
1.759915841448211546e-02
1.949957565935766385e-02
1.862332685603757670e-02
1.879826778269080151e-02
1.898810506813869425e-02
1.870360597390022944e-02
1.643365587780406395e-02
2.264774804926747084e-02
1.883256654708325914e-02
1.601742821329709895e-02
1.764462062456238073e-02
1.914879071007062269e-02
1.836659443172282066e-02
2.042234440775383963e-02
1.665958076962304954e-02
1.690228918743321568e-02
1.914314166572419693e-02
1.949666189493717144e-02
2.139810886303023657e-02
1.914672136195275792e-02
1.862288538008722433e-02
1.790682127849226729e-02
1.666890087316852051e-02
1.754877249385572435e-02
1.981268451808798972e-02
1.785735202043401554e-02
1.676774847565484436e-02
2.101189281100928827e-02
1.904421186261139043e-02
1.779532400047054846e-02
2.138513340510650451e-02
1.907654271886259981e-02
1.902599455022791972e-02
1.624683949797407073e-02
1.934159088532974927e-02
1.709838913051885817e-02
1.833885468319393711e-02
2.069511873023846538e-02
1.550286818031364894e-02
1.790682127849226729e-02
1.829856652373669512e-02
1.848645998811363281e-02
1.790964516133249779e-02
1.828294323445792471e-02
1.711622679059766200e-02
1.902925027646162198e-02
1.799724796817456229e-02
2.101728404341174014e-02
1.913188368283605389e-02
1.905660910659085980e-02
1.660105962753794309e-02
1.859632223812894211e-02
1.567281275466424900e-02
1.866334473583781267e-02
1.597829430375737395e-02
1.802238401419470337e-02
1.965079860336895259e-02
2.230861457355098540e-02
1.936223798514596570e-02
1.612767223345467835e-02
1.794129187116070070e-02
1.898234836796559161e-02
1.860470309218224816e-02
1.600689319051060502e-02
1.890682728570852733e-02
1.958180094902978174e-02
1.657248380053546327e-02
2.037829059987960115e-02
1.739152426712303745e-02
2.218404003405354333e-02
1.896246033175406215e-02
1.970309241301336847e-02
1.865670406540419907e-02
1.761653153885981912e-02
1.563976250647241412e-02
1.786668428598391437e-02
1.896246033175406215e-02
1.893962491206849230e-02
1.724817095140119411e-02
1.813606980498016358e-02
1.632928176683829530e-02
1.969125795911953747e-02
1.913357131197688035e-02
2.042377567681622971e-02
1.901073029009062165e-02
2.041301831336801709e-02
1.629913330761849008e-02
1.808870193606984186e-02
1.921153460923779796e-02
2.018986050007128344e-02
1.940252614460320768e-02
2.054767108056399991e-02
2.063897082543731873e-02
1.923065610077570251e-02
1.913188368283605389e-02
1.784813737821808882e-02
1.677130370482851282e-02
1.516429879826336827e-02
1.921153460923779796e-02
1.870363289529505466e-02
1.914672136195275792e-02
1.808176220514549210e-02
1.830681860227301866e-02
2.024416174921044032e-02
1.847262348012940897e-02
1.529435507435531957e-02
2.171186963684352059e-02
1.920041590877802351e-02
2.082902315716979660e-02
2.118403402683728329e-02
1.781597110028676142e-02
1.949029594176029945e-02
1.898378949109454789e-02
1.694267724030364478e-02
1.952022275917387681e-02
1.823154402602782456e-02
1.516429879826336827e-02
1.682263816752816929e-02
2.063897082543731873e-02
1.611626365377899842e-02
1.550286818031364894e-02
1.890682728570852733e-02
2.037273015391077510e-02
1.781130947267928200e-02
2.116815663288628205e-02
1.743372932625640928e-02
2.018986050007128344e-02
1.901073029009062165e-02
1.882107705939136538e-02
1.961915256228668331e-02
1.993472517376646339e-02
1.949029594176029945e-02
1.766526772437859716e-02
1.758839718780768821e-02
1.741489738428341622e-02
2.154881223893840084e-02
1.949961604530577042e-02
1.882640213374293242e-02
1.852021675195761677e-02
1.708921549695670283e-02
1.929857253095295516e-02
