3.154828258177160005e-02
3.076050047085779685e-02
3.337749637266198416e-02
2.618115995276084490e-02
3.052521393104544803e-02
2.877668297574095119e-02
2.660635773753828801e-02
2.603907021603126676e-02
3.107397622758677203e-02
3.004269414803183158e-02
2.759434789407906943e-02
3.691156356123902194e-02
3.253627273831238148e-02
2.888035527735230076e-02
2.945847166763346237e-02
2.541962368239817499e-02
2.593805709551542937e-02
3.187566207808455870e-02
2.903580725293747333e-02
3.201478912067478449e-02
3.175676039107824117e-02
2.850594169494972269e-02
2.481924083559420083e-02
2.928092718992501148e-02
2.809499435984946086e-02
4.035501838598596486e-02
3.691156356123902194e-02
3.040834790209986233e-02
2.863469331501239737e-02
2.462519942351694760e-02
3.026891734646579291e-02
3.201478912067478449e-02
3.447228064866465075e-02
2.997513955335496041e-02
2.760341123545745692e-02
2.820949553023495426e-02
3.053887049243646234e-02
2.698966614979789180e-02
2.359961879193553380e-02
2.865872529893096626e-02
2.793545934139134851e-02
3.067830104807053176e-02
2.989450376406321830e-02
3.252002880645780275e-02
3.052538244256680980e-02
2.496133057232377550e-02
3.242762013819558420e-02
3.052538244256680980e-02
3.847487319248046878e-02
3.325156305740599449e-02
2.798225871685972380e-02
2.582355592512993250e-02
2.981968757776978785e-02
3.067830104807053176e-02
3.192283934153733460e-02
2.743889591849389686e-02
2.378795875603926385e-02
3.249815881623800001e-02
3.157921591336979028e-02
3.125706389375524502e-02
2.543281740973241112e-02
3.240552763607230935e-02
2.743889591849389686e-02
2.714511812538306437e-02
2.576911707006060079e-02
2.959805759934845681e-02
3.259213545515914773e-02
2.473970059390244447e-02
2.928092718992501148e-02
3.658418406492606328e-02
3.738586991542384302e-02
2.405791190200993329e-02
3.125706389375524502e-02
2.310803566754353333e-02
3.253627273831238148e-02
3.550572472191834694e-02
2.566810394954475993e-02
3.175676039107824117e-02
2.981968757776978785e-02
2.511678254790894807e-02
2.740078199641951540e-02
2.511678254790894807e-02
3.658418406492606328e-02
2.348511762155003693e-02
2.603907021603126676e-02
3.325156305740599449e-02
2.945847166763346237e-02
2.427954188043126432e-02
2.958440103795743903e-02
3.243668347957397169e-02
3.053887049243646234e-02
3.452649439371210938e-02
2.793954238426428829e-02
3.288872882011416310e-02
3.348614897277878144e-02
2.283808252157286389e-02
2.497469281117937340e-02
2.481924083559420083e-02
2.909281791356543509e-02
2.557507565798334756e-02
3.208704296961637642e-02
2.557507565798334756e-02
3.159545984522437595e-02
3.081228014483161984e-02
3.488322798376490563e-02
3.107397622758677203e-02
2.729976887590367107e-02
3.541309354175265628e-02
2.729976887590367107e-02
3.164225922069274777e-02
3.300308279025940955e-02
2.997513955335496041e-02
3.640663958721761240e-02
3.103045361682846282e-02
3.137141786390049841e-02
3.552759471213814968e-02
2.745522085148884364e-02
2.606665878237534803e-02
2.405791190200993329e-02
2.359961879193553380e-02
3.691156356123902194e-02
3.503141836773351891e-02
2.714511812538306437e-02
3.335523535901734060e-02
3.348614897277878144e-02
2.958456954947879733e-02
3.065682816924644727e-02
3.353294834824716020e-02
3.159545984522437595e-02
2.566810394954475993e-02
3.187566207808455870e-02
2.928092718992501148e-02
2.508919398156486680e-02
3.092678131521711671e-02
2.462519942351694760e-02
3.452649439371210938e-02
3.455584848745194698e-02
2.961392364321863493e-02
2.603907021603126676e-02
3.253627273831238148e-02
2.649808302540588786e-02
2.310803566754353333e-02
2.904663612171162063e-02
3.431682867307947471e-02
2.955088033589568092e-02
2.958456954947879733e-02
3.259213545515914773e-02
3.640663958721761240e-02
2.740078199641951540e-02
2.888533557585774847e-02
3.525764156616748024e-02
2.997513955335496041e-02
2.299353449715803646e-02
3.286365223462534013e-02
3.052538244256680980e-02
2.915030842332296673e-02
2.508919398156486680e-02
3.175676039107824117e-02
3.205320655579300959e-02
3.175676039107824117e-02
2.969907071986429420e-02
3.452649439371210938e-02
2.847924133942722480e-02
3.491706439758827246e-02
3.130926276739912084e-02
3.008964072374045728e-02
3.157921591336979028e-02
2.826283883770430716e-02
3.447228064866465075e-02
3.225007566048713331e-02
2.847924133942722480e-02
2.446974744793177503e-02
3.205320655579300959e-02
2.958440103795743903e-02
2.332966564596486436e-02
3.408154213326712589e-02
2.932810445337778738e-02
3.208704296961637642e-02
3.024399715172564410e-02
3.146471474298429688e-02
3.302785586270438889e-02
2.794680397588084758e-02
3.302785586270438889e-02
3.154828258177160005e-02
2.744795925987228435e-02
3.008964072374045728e-02
2.959805759934845681e-02
2.771791240584295379e-02
2.672085890792378488e-02
3.240552763607230935e-02
3.202385246205317199e-02
3.431682867307947471e-02
2.660635773753828801e-02
2.638269364419881108e-02
3.258307211378076024e-02
2.958456954947879733e-02
2.888035527735230076e-02
2.955088033589568092e-02
3.491706439758827246e-02
3.502235502635513142e-02
3.437830400974349609e-02
2.961392364321863493e-02
2.771791240584295379e-02
2.665353500099106043e-02
2.755623397200468797e-02
2.592456904564577336e-02
3.098350704111984405e-02
3.053427727242383552e-02
3.107397622758677203e-02
3.067830104807053176e-02
2.496133057232377550e-02
3.187566207808455870e-02
2.955088033589568092e-02
2.969000737848590671e-02
3.091595244644296941e-02
2.676803617137655383e-02
2.473970059390244447e-02
2.497469281117937340e-02
3.270663662554464113e-02
3.364744951863265360e-02
2.838877215296029682e-02
3.270663662554464113e-02
2.283808252157286389e-02
3.024399715172564410e-02
2.969000737848590671e-02
2.806130514626634098e-02
2.794680397588084758e-02
2.820043218885656677e-02
3.536629416628427752e-02
3.458678181905014415e-02
2.877668297574095119e-02
3.192283934153733460e-02
2.943637916551018405e-02
2.615968707393676040e-02
2.706448233609132226e-02
3.107397622758677203e-02
2.676803617137655383e-02
3.225007566048713331e-02
2.863469331501239737e-02
2.665353500099106043e-02
3.252002880645780275e-02
2.981968757776978785e-02
2.660635773753828801e-02
3.004269414803183158e-02
3.091595244644296941e-02
3.300308279025940955e-02
2.801435857055772222e-02
2.969000737848590671e-02
2.809499435984946086e-02
3.658418406492606328e-02
2.576911707006060079e-02
2.903580725293747333e-02
2.999551688457906262e-02
2.649808302540588786e-02
2.541962368239817499e-02
3.255844624157602785e-02
2.961392364321863493e-02
2.915030842332296673e-02
3.098350704111984405e-02
3.255844624157602785e-02
3.941420549289795933e-02
2.770884906446456630e-02
2.618115995276084490e-02
3.550572472191834694e-02
2.842704246578334898e-02
3.175676039107824117e-02
2.904564065011266266e-02
3.242762013819558420e-02
3.042154162943409845e-02
2.760341123545745692e-02
3.488322798376490563e-02
3.056379987768503489e-02
2.794680397588084758e-02
2.332966564596486436e-02
3.640663958721761240e-02
3.249815881623800001e-02
2.793545934139134851e-02
3.451743105233372189e-02
3.364744951863265360e-02
3.503141836773351891e-02
2.496133057232377550e-02
2.838877215296029682e-02
3.005870739214226012e-02
2.543281740973241112e-02
3.008964072374045728e-02
3.550572472191834694e-02
3.103045361682846282e-02
2.745522085148884364e-02
2.943637916551018405e-02
2.332966564596486436e-02
2.645090576195311544e-02
2.875442196209630763e-02
3.269757328416625364e-02
2.794680397588084758e-02
2.283808252157286389e-02
3.063988361295230667e-02
2.809499435984946086e-02
3.658418406492606328e-02
2.956712426775025965e-02
2.618115995276084490e-02
3.452649439371210938e-02
2.836385195822014801e-02
2.764926226356609687e-02
2.649808302540588786e-02
3.040834790209986233e-02
3.164225922069274777e-02
2.838877215296029682e-02
3.201478912067478449e-02
3.159545984522437595e-02
2.945847166763346237e-02
2.875442196209630763e-02
2.508919398156486680e-02
2.299353449715803646e-02
2.956712426775025965e-02
3.484481054864668054e-02
3.288872882011416310e-02
3.065682816924644727e-02
3.431682867307947471e-02
3.658418406492606328e-02
3.100858362660866008e-02
3.303691920408277638e-02
3.458678181905014415e-02
2.888533557585774847e-02
3.738586991542384302e-02
2.943637916551018405e-02
3.240552763607230935e-02
2.932810445337778738e-02
2.808593101847107337e-02
2.948355642896295994e-02
2.981968757776978785e-02
3.503141836773351891e-02
3.056379987768503489e-02
3.550572472191834694e-02
2.606665878237534803e-02
3.154828258177160005e-02
3.038608688845522224e-02
2.928092718992501148e-02
2.865872529893096626e-02
2.687427676859081155e-02
2.779135200029567501e-02
2.745522085148884364e-02
3.552759471213814968e-02
2.332966564596486436e-02
2.959805759934845681e-02
3.148680724510757173e-02
2.798225871685972380e-02
2.969000737848590671e-02
2.806130514626634098e-02
3.337749637266198416e-02
2.649808302540588786e-02
3.081228014483161984e-02
2.714511812538306437e-02
3.154828258177160005e-02
3.130926276739912084e-02
3.098350704111984405e-02
3.270663662554464113e-02
3.092678131521711671e-02
3.847487319248046878e-02
2.981968757776978785e-02
3.244394507119053445e-02
2.798225871685972380e-02
3.201478912067478449e-02
2.665353500099106043e-02
2.631513904952193297e-02
3.008964072374045728e-02
3.296466535514118446e-02
2.771791240584295379e-02
2.755606546048332273e-02
3.546730728680012185e-02
3.244394507119053445e-02
2.791921540953676284e-02
3.397773209717078885e-02
2.874919448539789424e-02
3.458678181905014415e-02
2.631513904952193297e-02
2.454949502640193376e-02
3.447228064866465075e-02
3.091595244644296941e-02
3.357661815924570942e-02
3.452649439371210938e-02
4.035501838598596486e-02
2.791921540953676284e-02
3.847487319248046878e-02
3.585787729067628493e-02
3.192283934153733460e-02
2.698966614979789180e-02
3.100858362660866008e-02
3.302785586270438889e-02
2.740078199641951540e-02
2.863469331501239737e-02
2.771791240584295379e-02
2.888035527735230076e-02
3.076050047085779685e-02
2.959805759934845681e-02
2.915030842332296673e-02
2.863469331501239737e-02
2.755623397200468797e-02
2.820949553023495426e-02
2.903580725293747333e-02
3.348614897277878144e-02
2.842704246578334898e-02
3.585787729067628493e-02
2.991661765541268891e-02
3.148680724510757173e-02
3.270663662554464113e-02
2.454949502640193376e-02
3.292418356109303584e-02
2.645090576195311544e-02
3.431682867307947471e-02
3.575420498906493189e-02
3.442548127319627199e-02
3.488322798376490563e-02
3.941420549289795933e-02
3.335523535901734060e-02
3.026891734646579291e-02
3.137141786390049841e-02
3.552759471213814968e-02
3.335523535901734060e-02
3.258307211378076024e-02
2.904663612171162063e-02
3.503141836773351891e-02
2.854422412854546939e-02
2.850594169494972269e-02
2.932810445337778738e-02
2.729976887590367107e-02
2.631513904952193297e-02
3.585787729067628493e-02
2.283808252157286389e-02
3.091595244644296941e-02
3.640663958721761240e-02
3.274663908338458496e-02
3.038608688845522224e-02
2.771791240584295379e-02
3.036993046698163723e-02
2.729976887590367107e-02
2.989450376406321830e-02
3.154828258177160005e-02
2.566810394954475993e-02
3.201478912067478449e-02
2.955088033589568092e-02
2.427954188043126432e-02
3.640663958721761240e-02
2.443499385601643689e-02
3.753406029939245631e-02
3.357661815924570942e-02
3.005870739214226012e-02
2.446974744793177503e-02
2.948355642896295994e-02
2.957550620810040984e-02
2.782680674127455123e-02
2.568957682836884443e-02
2.676803617137655383e-02
3.288872882011416310e-02
3.053887049243646234e-02
3.753406029939245631e-02
2.618115995276084490e-02
2.838877215296029682e-02
3.092678131521711671e-02
3.008964072374045728e-02
2.865872529893096626e-02
2.760341123545745692e-02
2.842704246578334898e-02
3.353294834824716020e-02
3.243668347957397169e-02
3.249815881623800001e-02
3.103045361682846282e-02
3.137141786390049841e-02
3.239714569572215569e-02
2.660635773753828801e-02
3.274663908338458496e-02
2.959805759934845681e-02
3.239714569572215569e-02
3.042436932205096548e-02
2.915030842332296673e-02
2.642964021990742984e-02
3.408154213326712589e-02
2.780471423915126944e-02
2.943637916551018405e-02
3.357661815924570942e-02
3.098350704111984405e-02
2.645090576195311544e-02
2.888035527735230076e-02
3.941420549289795933e-02
2.932810445337778738e-02
2.893213495132612376e-02
2.593805709551542937e-02
2.359961879193553380e-02
3.274663908338458496e-02
3.076548076936324455e-02
2.798225871685972380e-02
3.208704296961637642e-02
2.729976887590367107e-02
2.958440103795743903e-02
2.865872529893096626e-02
2.348511762155003693e-02
2.566810394954475993e-02
2.888035527735230076e-02
2.759434789407906943e-02
3.103045361682846282e-02
3.242762013819558420e-02
2.793047904288590080e-02
4.035501838598596486e-02
3.092678131521711671e-02
2.809675988724522067e-02
3.003363080665344409e-02
3.353294834824716020e-02
2.791921540953676284e-02
3.081228014483161984e-02
3.040834790209986233e-02
2.394341073162443642e-02
2.782680674127455123e-02
3.348614897277878144e-02
3.201478912067478449e-02
3.455584848745194698e-02
2.915030842332296673e-02
2.943637916551018405e-02
3.387405979555943580e-02
2.523128371829444494e-02
2.943637916551018405e-02
2.496133057232377550e-02
3.228849309560535841e-02
2.378795875603926385e-02
3.503141836773351891e-02
3.503141836773351891e-02
3.408154213326712589e-02
3.003363080665344409e-02
3.005870739214226012e-02
2.665353500099106043e-02
3.300308279025940955e-02
2.903580725293747333e-02
3.397773209717078885e-02
3.201478912067478449e-02
2.893213495132612376e-02
2.808593101847107337e-02
3.431682867307947471e-02
3.076548076936324455e-02
2.928092718992501148e-02
3.491706439758827246e-02
2.877668297574095119e-02
3.240552763607230935e-02
3.244394507119053445e-02
2.943637916551018405e-02
3.270663662554464113e-02
3.056379987768503489e-02
3.253627273831238148e-02
2.427954188043126432e-02
3.491706439758827246e-02
3.390399765555866807e-02
2.893213495132612376e-02
2.755623397200468797e-02
2.541962368239817499e-02
2.779135200029567501e-02
2.928092718992501148e-02
3.484481054864668054e-02
2.888533557585774847e-02
3.503141836773351891e-02
3.086649388987908887e-02
3.008964072374045728e-02
3.201478912067478449e-02
2.642964021990742984e-02
3.024399715172564410e-02
3.455584848745194698e-02
3.387405979555943580e-02
2.794680397588084758e-02
2.779135200029567501e-02
2.793545934139134851e-02
3.146471474298429688e-02
3.254533607969076897e-02
2.332966564596486436e-02
2.760341123545745692e-02
3.208704296961637642e-02
2.740078199641951540e-02
2.698966614979789180e-02
2.582355592512993250e-02
3.205320655579300959e-02
2.903580725293747333e-02
3.244394507119053445e-02
3.242762013819558420e-02
2.903580725293747333e-02
2.850594169494972269e-02
2.969907071986429420e-02
2.989450376406321830e-02
2.808593101847107337e-02
2.740078199641951540e-02
3.734745248030561793e-02
3.491706439758827246e-02
3.458678181905014415e-02
2.557507565798334756e-02
3.003363080665344409e-02
3.254533607969076897e-02
2.820043218885656677e-02
2.729976887590367107e-02
3.640663958721761240e-02
3.148680724510757173e-02
3.941420549289795933e-02
2.543281740973241112e-02
3.051700050221665961e-02
3.550572472191834694e-02
2.915030842332296673e-02
2.997513955335496041e-02
3.042154162943409845e-02
3.137141786390049841e-02
3.100858362660866008e-02
2.698966614979789180e-02
3.205320655579300959e-02
2.877668297574095119e-02
3.292418356109303584e-02
2.771791240584295379e-02
3.253627273831238148e-02
3.052521393104544803e-02
3.098350704111984405e-02
2.798225871685972380e-02
3.242762013819558420e-02
3.484481054864668054e-02
2.904564065011266266e-02
2.893213495132612376e-02
3.274663908338458496e-02
2.582355592512993250e-02
3.458678181905014415e-02
3.292418356109303584e-02
2.497469281117937340e-02
3.753406029939245631e-02
3.205320655579300959e-02
3.259213545515914773e-02
3.575420498906493189e-02
3.003363080665344409e-02
2.378795875603926385e-02
3.658418406492606328e-02
3.491706439758827246e-02
3.252002880645780275e-02
2.481924083559420083e-02
2.568957682836884443e-02
3.208704296961637642e-02
3.005870739214226012e-02
3.442548127319627199e-02
2.942911757389362476e-02
2.687427676859081155e-02
2.958440103795743903e-02
3.098350704111984405e-02
2.850594169494972269e-02
2.606665878237534803e-02
2.755606546048332273e-02
3.335523535901734060e-02
2.782680674127455123e-02
2.955088033589568092e-02
3.753406029939245631e-02
2.806130514626634098e-02
3.452649439371210938e-02
2.780471423915126944e-02
2.888035527735230076e-02
3.100858362660866008e-02
3.244394507119053445e-02
3.242762013819558420e-02
3.658418406492606328e-02
2.847924133942722480e-02
2.904663612171162063e-02
2.394341073162443642e-02
2.826283883770430716e-02
3.431682867307947471e-02
3.036993046698163723e-02
2.942005423251523727e-02
2.687427676859081155e-02
2.582355592512993250e-02
2.660635773753828801e-02
3.337749637266198416e-02
2.759434789407906943e-02
3.148680724510757173e-02
2.955088033589568092e-02
2.838877215296029682e-02
2.893213495132612376e-02
2.989450376406321830e-02
3.408154213326712589e-02
2.972842481360413180e-02
2.606665878237534803e-02
2.740078199641951540e-02
3.038608688845522224e-02
3.040834790209986233e-02
3.658418406492606328e-02
2.836385195822014801e-02
3.575420498906493189e-02
2.660635773753828801e-02
2.603907021603126676e-02
3.254533607969076897e-02
3.364744951863265360e-02
2.299353449715803646e-02
3.455584848745194698e-02
3.243668347957397169e-02
2.945847166763346237e-02
3.335523535901734060e-02
3.042436932205096548e-02
3.091595244644296941e-02
3.005870739214226012e-02
2.631513904952193297e-02
3.239714569572215569e-02
2.481924083559420083e-02
2.649808302540588786e-02
3.302785586270438889e-02
3.243668347957397169e-02
3.063988361295230667e-02
2.645090576195311544e-02
3.081228014483161984e-02
3.536629416628427752e-02
3.208704296961637642e-02
3.753406029939245631e-02
2.865872529893096626e-02
3.303691920408277638e-02
3.103045361682846282e-02
3.387405979555943580e-02
2.770884906446456630e-02
2.755606546048332273e-02
2.557507565798334756e-02
3.004269414803183158e-02
3.242762013819558420e-02
2.767073514239018484e-02
4.035501838598596486e-02
2.615968707393676040e-02
2.826283883770430716e-02
3.525764156616748024e-02
2.850594169494972269e-02
3.597223126082153138e-02
3.447228064866465075e-02
2.543281740973241112e-02
3.146471474298429688e-02
2.806130514626634098e-02
2.943637916551018405e-02
3.052538244256680980e-02
3.254533607969076897e-02
2.508919398156486680e-02
4.035501838598596486e-02
2.764926226356609687e-02
3.205320655579300959e-02
3.259213545515914773e-02
2.427954188043126432e-02
2.928092718992501148e-02
2.645090576195311544e-02
2.782680674127455123e-02
2.359961879193553380e-02
2.745522085148884364e-02
3.546730728680012185e-02
3.452649439371210938e-02
3.065682816924644727e-02
2.729976887590367107e-02
3.225007566048713331e-02
3.056379987768503489e-02
3.484481054864668054e-02
2.740078199641951540e-02
3.003363080665344409e-02
2.820949553023495426e-02
3.130926276739912084e-02
2.928092718992501148e-02
3.575420498906493189e-02
3.258307211378076024e-02
3.024399715172564410e-02
3.051700050221665961e-02
2.981968757776978785e-02
2.771791240584295379e-02
2.948355642896295994e-02
3.005870739214226012e-02
3.303691920408277638e-02
2.462519942351694760e-02
2.915030842332296673e-02
2.672085890792378488e-02
3.192283934153733460e-02
2.592440053412441159e-02
2.592456904564577336e-02
2.948355642896295994e-02
2.826283883770430716e-02
2.791921540953676284e-02
3.357661815924570942e-02
2.794680397588084758e-02
3.241442246592933507e-02
3.274663908338458496e-02
2.481924083559420083e-02
3.252002880645780275e-02
2.740078199641951540e-02
2.591120680679017546e-02
2.801435857055772222e-02
3.437830400974349609e-02
3.249815881623800001e-02
3.302785586270438889e-02
3.575420498906493189e-02
3.148680724510757173e-02
3.130926276739912084e-02
3.302785586270438889e-02
2.865872529893096626e-02
2.283808252157286389e-02
3.239714569572215569e-02
2.665353500099106043e-02
2.591120680679017546e-02
2.541962368239817499e-02
2.764926226356609687e-02
2.770884906446456630e-02
2.999551688457906262e-02
2.928092718992501148e-02
3.240552763607230935e-02
3.103045361682846282e-02
2.591120680679017546e-02
3.137141786390049841e-02
3.286365223462534013e-02
2.874919448539789424e-02
2.782680674127455123e-02
2.820949553023495426e-02
3.004269414803183158e-02
3.691156356123902194e-02
2.698966614979789180e-02
3.269757328416625364e-02
2.806130514626634098e-02
2.794680397588084758e-02
3.458678181905014415e-02
2.794680397588084758e-02
2.903580725293747333e-02
3.269757328416625364e-02
2.981968757776978785e-02
3.076548076936324455e-02
3.259213545515914773e-02
2.672085890792378488e-02
3.353294834824716020e-02
2.842704246578334898e-02
3.098350704111984405e-02
2.969000737848590671e-02
2.582355592512993250e-02
3.053887049243646234e-02
2.798225871685972380e-02
3.253627273831238148e-02
3.243668347957397169e-02
3.286365223462534013e-02
2.956712426775025965e-02
2.863469331501239737e-02
2.932810445337778738e-02
3.036993046698163723e-02
2.582355592512993250e-02
2.645090576195311544e-02
2.863469331501239737e-02
3.286365223462534013e-02
3.252002880645780275e-02
3.053427727242383552e-02
2.593805709551542937e-02
3.552759471213814968e-02
3.442548127319627199e-02
3.734745248030561793e-02
3.269757328416625364e-02
3.390399765555866807e-02
3.225007566048713331e-02
3.067830104807053176e-02
2.957550620810040984e-02
2.665353500099106043e-02
2.771791240584295379e-02
3.056379987768503489e-02
2.706448233609132226e-02
2.956712426775025965e-02
2.806130514626634098e-02
2.997513955335496041e-02
2.649808302540588786e-02
2.672085890792378488e-02
2.877668297574095119e-02
2.283808252157286389e-02
2.676803617137655383e-02
3.408154213326712589e-02
3.335523535901734060e-02
2.989450376406321830e-02
3.208704296961637642e-02
2.676803617137655383e-02
2.714511812538306437e-02
2.999551688457906262e-02
3.941420549289795933e-02
3.042154162943409845e-02
3.585787729067628493e-02
3.137141786390049841e-02
2.592456904564577336e-02
2.808593101847107337e-02
3.065682816924644727e-02
2.809499435984946086e-02
3.734745248030561793e-02
3.107397622758677203e-02
2.794680397588084758e-02
2.741397572375374805e-02
3.098350704111984405e-02
3.091595244644296941e-02
3.065682816924644727e-02
3.658418406492606328e-02
3.442548127319627199e-02
3.053427727242383552e-02
2.741397572375374805e-02
3.148680724510757173e-02
3.242762013819558420e-02
2.541962368239817499e-02
3.254533607969076897e-02
2.606665878237534803e-02
3.575420498906493189e-02
3.390399765555866807e-02
2.955088033589568092e-02
3.254533607969076897e-02
2.523128371829444494e-02
3.738586991542384302e-02
2.743889591849389686e-02
3.491706439758827246e-02
2.863469331501239737e-02
2.779135200029567501e-02
3.442548127319627199e-02
2.760341123545745692e-02
3.274663908338458496e-02
3.552759471213814968e-02
3.597223126082153138e-02
2.660635773753828801e-02
3.076050047085779685e-02
2.591120680679017546e-02
2.443499385601643689e-02
2.755623397200468797e-02
2.850594169494972269e-02
3.585787729067628493e-02
3.065682816924644727e-02
3.157921591336979028e-02
3.447228064866465075e-02
2.698966614979789180e-02
2.793047904288590080e-02
3.130926276739912084e-02
2.943637916551018405e-02
2.473970059390244447e-02
2.676803617137655383e-02
2.378795875603926385e-02
2.394341073162443642e-02
2.378795875603926385e-02
2.771791240584295379e-02
2.665353500099106043e-02
3.491706439758827246e-02
3.244394507119053445e-02
2.779135200029567501e-02
3.052538244256680980e-02
2.566810394954475993e-02
3.242762013819558420e-02
3.076548076936324455e-02
3.053427727242383552e-02
2.932810445337778738e-02
3.243668347957397169e-02
2.903580725293747333e-02
3.051700050221665961e-02
2.801435857055772222e-02
3.255844624157602785e-02
3.753406029939245631e-02
3.242762013819558420e-02
3.447228064866465075e-02
3.242762013819558420e-02
3.146471474298429688e-02
2.838877215296029682e-02
2.928092718992501148e-02
2.836385195822014801e-02
3.038608688845522224e-02
2.714511812538306437e-02
2.706448233609132226e-02
2.759434789407906943e-02
3.491706439758827246e-02
3.691156356123902194e-02
3.455584848745194698e-02
2.969907071986429420e-02
2.942005423251523727e-02
3.053427727242383552e-02
2.794680397588084758e-02
3.738586991542384302e-02
3.241442246592933507e-02
2.568957682836884443e-02
2.755623397200468797e-02
2.956712426775025965e-02
3.753406029939245631e-02
2.999551688457906262e-02
2.958456954947879733e-02
2.888035527735230076e-02
2.359961879193553380e-02
2.745522085148884364e-02
2.497469281117937340e-02
3.447228064866465075e-02
2.903580725293747333e-02
3.040834790209986233e-02
3.691156356123902194e-02
2.741397572375374805e-02
3.164225922069274777e-02
2.741397572375374805e-02
2.576911707006060079e-02
2.893213495132612376e-02
2.904564065011266266e-02
2.997513955335496041e-02
3.431682867307947471e-02
3.024399715172564410e-02
2.687427676859081155e-02
2.591120680679017546e-02
2.462519942351694760e-02
3.292418356109303584e-02
3.103045361682846282e-02
3.240552763607230935e-02
3.076050047085779685e-02
2.523128371829444494e-02
2.771791240584295379e-02
3.259213545515914773e-02
2.660635773753828801e-02
2.631513904952193297e-02
3.107397622758677203e-02
2.874919448539789424e-02
2.744795925987228435e-02
3.228849309560535841e-02
2.443499385601643689e-02
2.706448233609132226e-02
