2.521158620937951830e-02
2.404868744910102635e-02
1.627749607479342386e-02
2.175697270973006928e-02
2.773273813582173217e-02
2.567342749721454251e-02
2.270686690360916235e-02
2.182595904067147555e-02
2.221169344538649962e-02
2.193500391050037107e-02
2.124415555683290685e-02
2.288592086706935091e-02
2.143649838967522786e-02
2.591219644701008712e-02
2.483124970437014523e-02
2.774118902912916032e-02
2.441788331288332475e-02
2.102390047072303161e-02
2.330701673983057165e-02
2.484258661049427996e-02
2.193500391050037107e-02
2.249556265211162878e-02
1.796046250767956154e-02
1.997017158173323287e-02
2.563036535286601636e-02
2.773273813582173217e-02
2.349834554193442476e-02
1.919275863893933273e-02
2.084667148165027933e-02
2.305450692305910376e-02
2.161231347682447332e-02
2.054150116171624130e-02
2.526674395791776717e-02
2.353272650643319086e-02
2.156371524078212754e-02
1.800379592543144974e-02
2.240053133371523036e-02
2.189174034102742486e-02
2.443294593257908792e-02
2.462427473468294103e-02
1.992255750712986634e-02
2.361523301406967534e-02
2.418178986643226142e-02
1.796125393373670248e-02
2.605796761596653605e-02
2.289386815410511533e-02
2.408076043728453811e-02
1.970862487669238633e-02
2.675010889370122574e-02
2.011741506460769033e-02
2.348528635874149589e-02
1.879527456375670869e-02
2.175371192829556738e-02
2.020664161303908912e-02
2.446532346057501972e-02
2.456906731450108489e-02
2.613481931448307163e-02
1.929624686946036782e-02
2.301144477871058108e-02
2.484258661049427996e-02
2.043804305146033201e-02
2.106046920203930722e-02
1.947356937403205146e-02
2.405110797216901755e-02
2.291781135092948660e-02
2.446532346057501972e-02
2.713854370410887645e-02
1.915377540337227791e-02
2.291884929472021160e-02
2.130332733492598316e-02
2.660893216791735544e-02
2.083239165407357180e-02
2.268275584826915173e-02
2.316235750692497569e-02
1.766507056110517421e-02
2.040604653983257855e-02
1.785913669252585378e-02
2.597060284632830840e-02
2.058802551262368941e-02
2.665623493764365456e-02
1.929624686946036782e-02
2.388943163518068499e-02
2.881331422396406911e-02
2.339805767057144895e-02
1.992255750712986634e-02
2.512531043562040572e-02
2.684398767057769031e-02
2.215201743028905740e-02
2.221996614038531867e-02
2.189174034102742486e-02
2.447745308641001427e-02
2.107546977358587190e-02
2.516864385337229740e-02
2.549346835561197566e-02
2.525902635707120980e-02
2.339805767057144895e-02
2.586475629931839562e-02
1.876641352469833601e-02
2.517912420800304599e-02
2.193299987364441539e-02
2.324893611577694141e-02
2.385170304537553160e-02
2.586475629931839562e-02
2.072066084881884346e-02
1.829997929806297802e-02
2.642415767859082609e-02
2.633965349730194028e-02
2.404868744910102635e-02
2.234737466383205848e-02
1.682398956506648419e-02
2.264210981977173021e-02
1.837222641043888965e-02
2.866942556955190749e-02
2.043271981207344518e-02
2.307391351772683855e-02
2.087924123781743566e-02
2.339805767057144895e-02
2.267424167572670499e-02
2.675010889370122574e-02
2.339805767057144895e-02
2.517698442321265537e-02
2.188960804592522680e-02
2.005732513842722539e-02
2.068773242116797584e-02
2.084667148165027933e-02
2.632614811658692475e-02
2.130332733492598316e-02
2.534334067615781269e-02
1.796046250767956154e-02
2.325720881077576740e-02
2.056048521094839404e-02
2.679103985497358065e-02
1.850695599795261492e-02
2.557565884950132110e-02
2.461026843715077156e-02
2.463049093293959851e-02
2.507541515581391406e-02
2.529614144275679766e-02
2.408767670348529316e-02
2.166720371015072588e-02
2.330464895846745543e-02
2.361523301406967534e-02
2.115653580691818220e-02
2.309795299685542258e-02
2.642415767859082609e-02
1.900476598828184510e-02
1.985328410959798229e-02
2.371860062804429653e-02
2.438550578488739642e-02
2.451420183227189312e-02
2.203639957393302082e-02
2.086745237682664442e-02
2.648431273020753624e-02
2.421538285029108464e-02
2.661548648069467921e-02
1.879308679693919917e-02
2.256220767070356639e-02
2.960479286228933152e-02
2.117675830270700915e-02
1.896205331846383471e-02
2.554617082212072218e-02
2.745721480297258141e-02
2.091580996913371127e-02
2.395190037419693899e-02
2.162196326385892875e-02
2.591219644701008712e-02
2.083239165407357180e-02
2.203639957393302082e-02
1.617617025963971958e-02
1.908102783368460093e-02
1.913260358732262259e-02
2.142098467472062021e-02
2.707968783422416356e-02
2.142098467472062021e-02
2.541575337300819998e-02
1.913479135414012863e-02
2.380724114129134303e-02
2.394739891997988562e-02
2.162168252558132470e-02
2.422596923268945102e-02
1.871174320082231307e-02
2.495662465237337424e-02
2.914789883670527298e-02
2.667564153231138935e-02
2.110380261979119543e-02
2.839535671105939546e-02
2.433279385350441831e-02
2.297045540747092579e-02
2.521158620937951830e-02
2.549346835561197566e-02
2.044169711569942399e-02
2.216836002763460794e-02
1.997017158173323287e-02
1.933958028721225603e-02
2.118618827203370275e-02
2.227099194550982014e-02
2.147921105949324172e-02
2.782855379876739144e-02
2.333730722474099128e-02
2.469580910221201228e-02
2.193226658118354461e-02
1.969355189512605325e-02
1.781580327477396558e-02
2.072066084881884346e-02
2.478418021117605868e-02
2.573183389653276379e-02
2.068773242116797584e-02
2.291884929472021160e-02
2.042861308213364188e-02
2.679103985497358065e-02
2.056048521094839404e-02
3.101150266986544418e-02
2.161757579564152487e-02
1.934176805402976554e-02
2.492248875956244378e-02
1.876641352469833601e-02
2.737731265390441759e-02
2.001399172067533372e-02
1.875507661857420127e-02
1.852460469801967338e-02
1.862593051317337767e-02
2.338064064249288296e-02
2.292730200426464082e-02
2.056048521094839404e-02
1.875507661857420127e-02
1.903769441593271272e-02
2.239700257834125949e-02
2.329637626346863638e-02
2.329226953352883309e-02
1.879527456375670869e-02
2.459285140907220557e-02
2.736644123752900171e-02
1.672266374991277643e-02
2.349625849884891260e-02
2.469788818706549274e-02
2.660893216791735544e-02
2.638085461995162348e-02
2.384844226394102970e-02
2.080498363781038695e-02
2.264210981977173021e-02
2.592316269863661690e-02
2.628586514938666130e-02
2.118245219659150788e-02
2.478418021117605868e-02
2.278676905267732616e-02
2.239700257834125949e-02
2.403977106604488281e-02
2.877037186795684820e-02
2.707968783422416356e-02
2.388645244230603107e-02
1.816823063362633939e-02
2.273433160190717339e-02
1.682398956506648419e-02
2.405110797216901755e-02
2.199134786299533628e-02
2.043804305146033201e-02
2.852421677414699458e-02
2.852421677414699458e-02
2.239481481152374998e-02
2.586475629931839562e-02
2.175697270973006928e-02
2.544679878641371851e-02
1.934176805402976554e-02
2.072066084881884346e-02
2.908337723912874859e-02
2.486925988273514312e-02
2.848322740290733929e-02
2.292925428482124259e-02
2.317740174824787364e-02
1.796725204448803431e-02
2.226302828473384482e-02
2.339805767057144895e-02
2.194801444524344808e-02
2.080498363781038695e-02
2.858668551316324857e-02
2.638085461995162348e-02
2.072066084881884346e-02
2.047903242269998730e-02
2.317740174824787364e-02
2.087924123781743566e-02
2.056048521094839404e-02
2.053699970749918793e-02
2.353272650643319086e-02
2.093177315465481053e-02
2.357605992418507906e-02
1.914942522118744106e-02
2.350892547355760975e-02
1.785913669252585378e-02
2.430040411188286870e-02
2.122419845039870412e-02
2.858668551316324857e-02
2.220567377623740637e-02
1.900476598828184510e-02
2.275843620647200263e-02
2.193294146367711500e-02
2.665623493764365456e-02
2.408675854803586647e-02
2.486925988273514312e-02
2.550311814264643456e-02
2.563036535286601636e-02
3.082017386776159107e-02
2.745721480297258141e-02
2.703531647268154342e-02
2.521158620937951830e-02
2.111533468426849552e-02
2.544679878641371851e-02
1.651568705002313953e-02
2.559307587757988708e-02
2.161231347682447332e-02
2.188960804592522680e-02
2.463049093293959851e-02
2.263090825797481331e-02
2.310395110760675094e-02
2.301375846611012840e-02
2.513168406031135449e-02
1.837222641043888965e-02
2.492248875956244378e-02
1.980365619508878128e-02
2.670367508533534606e-02
1.919710882112416958e-02
2.910045868901357802e-02
2.613481931448307163e-02
2.806294474521976723e-02
2.825069747815379950e-02
1.836229676504701896e-02
2.562209265786719731e-02
2.521158620937951830e-02
2.418178986643226142e-02
2.141498656396929184e-02
2.086745237682664442e-02
2.289386815410511533e-02
2.447745308641001427e-02
2.220567377623740637e-02
2.001399172067533372e-02
1.964422036662283322e-02
2.234737466383205848e-02
2.484689760215592555e-02
2.189174034102742486e-02
2.436572228115528246e-02
2.480159723925462467e-02
2.689399754811338389e-02
2.344871762742522375e-02
3.086761401545327910e-02
2.502797500812222256e-02
2.272648254882563348e-02
2.447745308641001427e-02
2.124415555683290685e-02
2.512531043562040572e-02
2.113911877883961621e-02
2.484689760215592555e-02
2.305450692305910376e-02
2.342390421196582223e-02
2.732987250621272957e-02
1.829997929806297802e-02
1.876641352469833601e-02
1.833053856659899380e-02
2.346772435090792308e-02
2.644493621183589133e-02
2.227810126630017790e-02
2.291781135092948660e-02
2.941346406018547840e-02
2.062968976635691162e-02
2.203639957393302082e-02
2.418178986643226142e-02
1.874564664924750768e-02
2.600306484770478072e-02
2.290988497618607483e-02
2.592316269863661690e-02
2.516133652542687504e-02
2.371860062804429653e-02
2.376193404579618820e-02
2.498779540589919287e-02
2.087572507182546347e-02
2.769374888143746882e-02
2.196068862818520429e-02
1.989453048426436180e-02
1.742217245613848081e-02
2.161231347682447332e-02
2.385170304537553160e-02
2.418178986643226142e-02
3.068141584880871436e-02
2.105074766987557328e-02
2.408767670348529316e-02
2.206101454333181042e-02
2.651234628323149295e-02
2.201728784277532866e-02
2.512427249182968073e-02
1.796046250767956154e-02
2.319853295543665775e-02
2.194504073039942049e-02
3.049008704670486125e-02
1.906180547127272334e-02
2.553472788822896619e-02
2.239700257834125949e-02
2.424674776593451972e-02
2.557565884950132110e-02
1.762173714335328600e-02
2.054150116171624130e-02
2.181402535842364918e-02
2.463992090226629211e-02
2.349625849884891260e-02
2.317329501830807034e-02
2.155960851084232424e-02
1.914942522118744106e-02
1.727751322323288485e-02
2.388943163518068499e-02
2.459285140907220557e-02
2.199306615618112914e-02
2.076165022005849875e-02
2.470553063437574623e-02
2.251553810150530924e-02
2.335472425281955727e-02
2.292925428482124259e-02
2.484689760215592555e-02
2.009852626107691206e-02
2.399856994339519614e-02
1.855028941570450660e-02
2.455192044779985067e-02
2.624929641807038916e-02
2.126953590500655147e-02
2.184840692327553319e-02
2.488149938832278849e-02
1.698629749803913860e-02
2.486925988273514312e-02
2.521158620937951830e-02
2.225234334543566353e-02
2.642415767859082609e-02
2.268275584826915173e-02
1.964422036662283322e-02
2.428612428430616116e-02
2.310121377828992795e-02
2.633965349730194028e-02
2.067945972616915679e-02
2.054150116171624130e-02
2.474324924990370378e-02
2.349834554193442476e-02
2.338064064249288296e-02
1.801058546223992252e-02
2.469580910221201228e-02
2.811038489291145873e-02
2.852421677414699458e-02
2.456087140147015027e-02
2.086745237682664442e-02
2.534339908612511308e-02
1.723417980548099665e-02
1.796125393373670248e-02
2.353491427325069690e-02
2.357824769100258858e-02
1.816823063362633939e-02
1.934803699399130494e-02
2.436954259936629716e-02
2.350892547355760975e-02
2.750242007933361571e-02
2.449173291398672181e-02
2.384844226394102970e-02
2.661548648069467921e-02
2.204938551241384520e-02
2.806294474521976723e-02
2.682246318058431264e-02
2.287114178173122944e-02
2.174093777907969149e-02
2.773273813582173217e-02
2.435020587619042901e-02
2.357824769100258858e-02
2.156371524078212754e-02
2.268108668425048574e-02
2.550283740436883051e-02
2.657218342205547659e-02
2.197393083491677029e-02
2.259186013581908348e-02
2.203639957393302082e-02
2.188960804592522680e-02
2.236887483174375760e-02
2.273651936872467944e-02
2.328928179895927569e-02
2.216547583105489896e-02
2.642415767859082609e-02
2.675838158870004480e-02
2.216547583105489896e-02
2.038527966438175021e-02
2.371860062804429653e-02
2.122419845039870412e-02
2.791905609080760561e-02
2.689399754811338389e-02
2.236887483174375760e-02
2.395190037419693899e-02
2.329527990971060405e-02
2.403977106604488281e-02
2.338064064249288296e-02
2.455192044779985067e-02
1.796125393373670248e-02
2.526893172473527668e-02
2.294349606861431634e-02
2.476039611660493800e-02
2.409612759679272131e-02
2.573183389653276379e-02
2.070514444385399000e-02
2.166501594333321637e-02
2.001350499948512454e-02
2.201728784277532866e-02
1.983821112803164921e-02
2.417852908499775952e-02
1.984698961284067295e-02
2.279883683570872038e-02
2.221996614038531867e-02
2.993092658172310377e-02
2.973959777961925066e-02
2.324861034051234690e-02
2.176658521073195768e-02
2.680845688305214664e-02
2.324861034051234690e-02
2.965223300998102302e-02
2.927470604123260170e-02
2.296631831841843344e-02
2.110380261979119543e-02
1.876641352469833601e-02
2.418178986643226142e-02
3.086761401545327910e-02
1.871174320082231307e-02
2.160704865853401574e-02
2.124085859590972916e-02
1.934803699399130494e-02
2.236887483174375760e-02
1.876641352469833601e-02
2.274997949969295372e-02
3.105894281755713221e-02
1.951690279178394313e-02
2.026207429751328629e-02
2.550283740436883051e-02
2.637671753089913113e-02
1.906180547127272334e-02
2.589844272156283447e-02
1.613283684188782791e-02
2.232143468405206610e-02
2.462427473468294103e-02
2.053672843409581894e-02
2.151627509309043257e-02
1.947356937403205146e-02
2.833288797204314147e-02
2.294976500857585575e-02
1.698629749803913860e-02
1.919275863893933273e-02
2.483124970437014523e-02
2.526674395791776717e-02
1.927274991859304759e-02
2.908337723912874859e-02
2.221169344538649962e-02
2.670367508533534606e-02
2.166720371015072588e-02
2.155960851084232424e-02
2.027772219529907008e-02
2.188960804592522680e-02
2.517912420800304599e-02
2.627596969031125579e-02
2.436572228115528246e-02
2.268275584826915173e-02
2.430040411188286870e-02
2.119986922467007387e-02
2.005732513842722539e-02
2.693901898897408526e-02
2.307391351772683855e-02
2.091580996913371127e-02
2.682246318058431264e-02
1.924880672176867286e-02
2.236887483174375760e-02
2.125999391717409148e-02
2.451420183227189312e-02
2.563812758851757162e-02
2.404868744910102635e-02
2.557565884950132110e-02
2.199306615618112914e-02
2.435020587619042901e-02
2.435020587619042901e-02
2.384844226394102970e-02
1.811191127739363027e-02
2.153406277566660698e-02
1.627749607479342386e-02
2.235680463315875208e-02
2.156564390762621616e-02
2.625360740973203821e-02
1.661701286517684728e-02
2.312996160055617867e-02
2.432452115850559926e-02
2.053672843409581894e-02
1.934803699399130494e-02
2.459285140907220557e-02
2.503822640425977866e-02
2.495662465237337424e-02
2.225234334543566353e-02
2.877037186795684820e-02
2.239700257834125949e-02
2.007074549540943317e-02
2.196068862818520429e-02
1.684163826513354265e-02
2.189174034102742486e-02
2.035350851105875714e-02
2.476039611660493800e-02
2.740977465528089338e-02
2.461026843715077156e-02
2.126953590500655147e-02
1.949948576370537714e-02
2.125999391717409148e-02
2.600306484770478072e-02
1.941522138468113057e-02
2.428773713717417501e-02
1.850695599795261492e-02
2.409612759679272131e-02
2.317740174824787364e-02
2.339025504034510095e-02
2.890912988690972490e-02
1.929843463627787387e-02
2.736366206038073901e-02
2.632614811658692475e-02
2.128748897458479505e-02
2.160631536607314496e-02
2.408779649182659494e-02
2.325738882532137064e-02
1.879527456375670869e-02
2.267424167572670499e-02
2.087572507182546347e-02
2.025203747761424034e-02
2.235680463315875208e-02
2.268275584826915173e-02
2.349834554193442476e-02
2.521569293931932160e-02
2.113911877883961621e-02
2.083239165407357180e-02
2.142098467472062021e-02
1.984698961284067295e-02
2.572086764490623401e-02
2.260750803360486727e-02
2.638849706726187697e-02
2.122009172045890082e-02
2.316235750692497569e-02
1.930470357623941674e-02
1.840563018279891064e-02
2.122009172045890082e-02
2.315519953768476608e-02
2.628586514938666130e-02
2.435020587619042901e-02
2.399046106432840830e-02
2.319853295543665775e-02
2.177069194067175750e-02
2.604977170293560143e-02
2.534334067615781269e-02
2.457683458699124954e-02
2.344871762742522375e-02
2.307391351772683855e-02
2.274343563492543796e-02
2.349615777511691525e-02
2.091580996913371127e-02
2.927470604123260170e-02
2.572086764490623401e-02
1.875194114600482048e-02
2.415887707408657589e-02
2.209271893016573687e-02
1.989453048426436180e-02
1.833053856659899380e-02
2.361238358381351904e-02
2.040604653983257855e-02
2.155960851084232424e-02
2.122009172045890082e-02
2.160631536607314496e-02
2.335472425281955727e-02
1.672266374991277643e-02
2.312996160055617867e-02
2.126753186815059232e-02
2.484258661049427996e-02
1.989661752734987396e-02
2.549873067442902722e-02
1.834331271581486969e-02
2.414322917630079210e-02
2.405541896383066661e-02
3.049008704670486125e-02
2.407778124440988418e-02
2.130332733492598316e-02
2.160552394001600054e-02
2.604663070984240131e-02
2.142098467472062021e-02
2.310395110760675094e-02
2.604977170293560143e-02
2.479696484792121014e-02
2.117675830270700915e-02
1.941522138468113057e-02
2.270686690360916235e-02
2.663113437848045953e-02
2.914789883670527298e-02
2.623795951194625442e-02
2.309795299685542258e-02
2.591219644701008712e-02
2.083257166861917850e-02
2.353491427325069690e-02
2.432452115850559926e-02
2.193500391050037107e-02
2.251553810150530924e-02
2.591219644701008712e-02
2.403790121202009980e-02
2.414322917630079210e-02
1.985328410959798229e-02
2.352861977649338757e-02
2.060168633359808071e-02
2.628586514938666130e-02
2.109818781756726130e-02
2.540174707547603397e-02
2.292298490066654176e-02
2.068791243571358254e-02
2.130332733492598316e-02
2.305450692305910376e-02
2.117675830270700915e-02
2.782855379876739144e-02
2.428612428430616116e-02
2.627596969031125579e-02
2.581342145997105042e-02
2.740977465528089338e-02
2.604663070984240131e-02
2.039669671051983629e-02
2.484029826567310181e-02
1.613283684188782791e-02
2.237087886859971328e-02
2.244804368835105063e-02
2.694143769580507886e-02
2.569444694475028768e-02
1.927274991859304759e-02
2.825069747815379950e-02
2.160704865853401574e-02
2.586475629931839562e-02
2.349834554193442476e-02
2.801988260087124455e-02
2.517698442321265537e-02
2.124415555683290685e-02
2.141419513791214743e-02
2.740977465528089338e-02
2.497000772332302193e-02
2.259289807960981195e-02
2.343993914261620001e-02
2.329226953352883309e-02
2.754986022702530721e-02
2.020664161303908912e-02
2.220348600941989686e-02
2.027772219529907008e-02
2.207966314340596703e-02
1.815532006515738206e-02
2.141419513791214743e-02
2.232143468405206610e-02
2.254300279980332028e-02
2.862198542186021599e-02
1.929843463627787387e-02
2.421538285029108464e-02
2.480159723925462467e-02
1.694296408028724693e-02
2.586475629931839562e-02
2.754986022702530721e-02
2.083257166861917850e-02
1.908927016957073092e-02
2.370025427566146287e-02
2.109818781756726130e-02
2.476039611660493800e-02
2.459285140907220557e-02
2.244804368835105063e-02
1.985119706651247012e-02
2.338064064249288296e-02
2.409640833507032190e-02
2.054150116171624130e-02
2.249556265211162878e-02
2.272648254882563348e-02
2.656804633300298424e-02
2.469788818706549274e-02
2.342390421196582223e-02
2.675010889370122574e-02
2.529614144275679766e-02
2.480159723925462467e-02
2.020198437133282135e-02
1.919710882112416958e-02
2.414322917630079210e-02
1.983821112803164921e-02
2.054150116171624130e-02
2.507760292263142357e-02
2.498779540589919287e-02
2.270253935200126222e-02
1.852460469801967338e-02
3.101150266986544418e-02
2.754152912205918430e-02
2.268689145421548189e-02
2.483816597057089681e-02
2.563036535286601636e-02
2.557565884950132110e-02
2.521569293931932160e-02
2.272442010200237394e-02
2.262680152803501349e-02
2.613481931448307163e-02
2.026207429751328629e-02
2.495662465237337424e-02
1.936778123698944254e-02
1.876641352469833601e-02
2.117675830270700915e-02
2.413101012123718137e-02
2.503822640425977866e-02
1.992255750712986634e-02
2.258346811028312529e-02
2.160905269538997142e-02
1.879308679693919917e-02
2.330482897301306214e-02
2.184222630820083222e-02
2.450865687832690792e-02
2.239700257834125949e-02
2.279448665352388353e-02
1.829997929806297802e-02
2.115653580691818220e-02
2.404008897883760931e-02
2.383901229461433957e-02
2.062968976635691162e-02
2.403977106604488281e-02
2.153406277566660698e-02
1.684163826513354265e-02
2.667564153231138935e-02
2.020198437133282135e-02
2.181402535842364918e-02
2.405541896383066661e-02
2.352861977649338757e-02
1.968755378437472489e-02
2.058635634860501995e-02
2.573183389653276379e-02
2.227099194550982014e-02
1.800379592543144974e-02
2.260750803360486727e-02
2.279987477949944885e-02
2.273651936872467944e-02
2.667564153231138935e-02
2.427785158930734211e-02
2.395190037419693899e-02
2.408767670348529316e-02
2.089000489940217101e-02
2.181402535842364918e-02
1.984698961284067295e-02
2.750242007933361571e-02
1.829997929806297802e-02
2.122419845039870412e-02
2.240053133371523036e-02
2.005519284332502039e-02
2.160905269538997142e-02
2.015865095358092968e-02
1.727751322323288485e-02
2.492248875956244378e-02
2.526893172473527668e-02
2.413946101454460952e-02
1.694296408028724693e-02
2.292298490066654176e-02
2.403790121202009980e-02
1.698629749803913860e-02
2.264982742061828758e-02
2.097510657240669874e-02
2.497000772332302193e-02
2.291884929472021160e-02
1.945855480243302224e-02
2.910045868901357802e-02
2.886075437165576060e-02
2.624383783435628101e-02
2.660893216791735544e-02
2.806294474521976723e-02
2.013951563231656736e-02
2.456906731450108489e-02
1.958656947212041727e-02
2.376193404579618820e-02
2.115653580691818220e-02
2.097921330234649856e-02
2.209271893016573687e-02
2.769374888143746882e-02
2.353272650643319086e-02
2.221996614038531867e-02
2.039470963370844381e-02
2.244804368835105063e-02
2.062968976635691162e-02
2.267424167572670499e-02
2.811038489291145873e-02
2.102390047072303161e-02
2.335368630902882880e-02
2.301284266932588154e-02
2.109408108762746148e-02
2.740977465528089338e-02
2.736366206038073901e-02
2.217663272263342700e-02
2.081557002020875333e-02
2.087572507182546347e-02
2.087572507182546347e-02
2.380371238591737215e-02
1.742217245613848081e-02
2.377558463931986679e-02
1.874975337918730750e-02
2.160631536607314496e-02
2.450448030010815917e-02
2.644493621183589133e-02
2.754986022702530721e-02
2.562964460889616269e-02
2.070514444385399000e-02
2.663113437848045953e-02
1.785913669252585378e-02
2.072479645476517363e-02
2.240053133371523036e-02
2.667564153231138935e-02
2.877037186795684820e-02
2.020664161303908912e-02
2.287114178173122944e-02
2.292925428482124259e-02
2.562209265786719731e-02
1.834331271581486969e-02
2.270253935200126222e-02
2.350892547355760975e-02
2.474324924990370378e-02
2.548728774053727469e-02
2.026207429751328629e-02
2.581342145997105042e-02
2.787161594311591412e-02
2.199134786299533628e-02
2.422923001412395291e-02
2.670266874600953078e-02
2.774118902912916032e-02
1.840563018279891064e-02
2.160552394001600054e-02
2.043569900494809910e-02
2.294130830179680683e-02
2.292712198971903759e-02
2.623795951194625442e-02
2.342390421196582223e-02
2.604663070984240131e-02
2.383901229461433957e-02
2.043804305146033201e-02
2.408767670348529316e-02
2.292730200426464082e-02
2.275216726651046323e-02
1.870231323149561947e-02
2.409640833507032190e-02
1.908516343963093109e-02
1.979487771027976101e-02
2.572086764490623401e-02
2.562209265786719731e-02
2.521158620937951830e-02
2.196068862818520429e-02
2.310194707075079526e-02
2.254519056662082632e-02
2.644493621183589133e-02
1.941522138468113057e-02
2.330054222852765561e-02
2.102254672009839023e-02
2.530213955350812255e-02
2.450448030010815917e-02
2.240053133371523036e-02
2.064267570483773601e-02
2.197393083491677029e-02
2.322073516599976184e-02
2.194504073039942049e-02
2.076165022005849875e-02
1.785913669252585378e-02
1.829997929806297802e-02
2.329637626346863638e-02
2.437482116853480207e-02
2.516864385337229740e-02
2.330482897301306214e-02
2.637258192495280096e-02
3.068141584880871436e-02
2.476039611660493800e-02
2.536831322531650848e-02
2.492248875956244378e-02
2.239481481152374998e-02
2.736366206038073901e-02
2.107546977358587190e-02
2.544679878641371851e-02
2.074847786160587820e-02
2.044937995758446675e-02
2.274343563492543796e-02
2.118245219659150788e-02
2.053672843409581894e-02
2.072279314392104846e-02
2.262680152803501349e-02
2.209271893016573687e-02
2.680026097002120855e-02
2.330464895846745543e-02
2.446918039141119522e-02
1.970862487669238633e-02
2.215604586172820537e-02
1.992608626250383722e-02
2.512531043562040572e-02
2.388645244230603107e-02
2.156371524078212754e-02
1.980365619508878128e-02
2.296631831841843344e-02
2.109818781756726130e-02
2.122009172045890082e-02
2.604663070984240131e-02
1.679830484738165097e-02
1.970862487669238633e-02
2.908337723912874859e-02
2.203639957393302082e-02
2.305450692305910376e-02
2.438550578488739642e-02
2.404868744910102635e-02
1.941111465474133074e-02
2.292925428482124259e-02
2.049816774396435309e-02
2.651234628323149295e-02
2.467793108063129001e-02
