3.635312607890583969e-02
3.001798912675552461e-02
2.439347997219909123e-02
2.209345363760268494e-02
3.481352548765180577e-02
2.832839060155749322e-02
2.648455070691922014e-02
3.083960487783185198e-02
2.648455070691922014e-02
3.068782338552955569e-02
3.693707883077805565e-02
2.736608286797653777e-02
3.613482282805333817e-02
2.420938908549417207e-02
2.886657221073891250e-02
2.920992276261481085e-02
3.143271809290095614e-02
2.418103682170439500e-02
3.032137889735661562e-02
2.764960292962067787e-02
2.100686221603224532e-02
2.694635129385228658e-02
3.135834081891242242e-02
2.847753900271833560e-02
2.847436173244379670e-02
3.354476765239267771e-02
3.164186088055656598e-02
2.902815468670747259e-02
3.485853301730868631e-02
2.209345363760268494e-02
3.274251164966796024e-02
2.812914170246036752e-02
2.209345363760268494e-02
2.847436173244379670e-02
2.755025406379273123e-02
3.724046860137914666e-02
2.822008832256676578e-02
2.189506983464894335e-02
2.356554389910143349e-02
3.163686587634215175e-02
2.697976867084664332e-02
3.246398659223823091e-02
2.736608286797653777e-02
3.068782338552955569e-02
2.765541329103667414e-02
3.502266827530742255e-02
3.103622068578752377e-02
2.955832006287278241e-02
3.068782338552955569e-02
3.064122107487811039e-02
2.694635129385228658e-02
3.405627701458396883e-02
2.936170425491711061e-02
2.765541329103667414e-02
2.827511283334666753e-02
2.835325531472885838e-02
2.547426103235353456e-02
2.739366659203858884e-02
2.827511283334666753e-02
2.100686221603224532e-02
2.529017014564861887e-02
3.036057606559749988e-02
2.082009913591049283e-02
2.597912886516819120e-02
3.077447398678943846e-02
2.694635129385228658e-02
3.295063124125816034e-02
2.519573597492380870e-02
2.490415816642974067e-02
3.124595501277920018e-02
2.797922968826560552e-02
2.774282750533047653e-02
2.438766961078309842e-02
2.759019648024502863e-02
2.739366659203858884e-02
2.438766961078309842e-02
3.422041227258269813e-02
3.047708581687937762e-02
2.886657221073891250e-02
2.566140663949757761e-02
2.845766929376138815e-02
2.720100723075160459e-02
3.274251164966796024e-02
3.524748030558003120e-02
2.337297045756368818e-02
2.845766929376138815e-02
2.695216165526827939e-02
2.597912886516819120e-02
2.439347997219909123e-02
3.333306975010939810e-02
3.124014465136321084e-02
2.676807076856336023e-02
2.755025406379273123e-02
3.074952335386884478e-02
2.639302678636012978e-02
2.495917335946916046e-02
2.966882821346362997e-02
3.074952335386884478e-02
3.260153552299607793e-02
2.808253939180892222e-02
2.797922968826560552e-02
2.835325531472885838e-02
2.817414923211724459e-02
2.348127273655441910e-02
2.724760954140304989e-02
2.720100723075160459e-02
3.370787971432599728e-02
2.639883714777612606e-02
3.112363490008133310e-02
2.746283984949892884e-02
3.422041227258269813e-02
2.997138681610407585e-02
2.936170425491711061e-02
2.566721700091357042e-02
2.893720806660107780e-02
2.627651703507825204e-02
3.014887816331421680e-02
2.617170230670593650e-02
3.524748030558003120e-02
2.893720806660107780e-02
2.585398008103532291e-02
2.646947300363828443e-02
3.016396025764182115e-02
3.166173058951351343e-02
2.646947300363828443e-02
3.421460191116670879e-02
3.124595501277920018e-02
2.646947300363828443e-02
3.124014465136321084e-02
2.438766961078309842e-02
2.916913081337936531e-02
2.570406806684055745e-02
3.524748030558003120e-02
2.666204644517602973e-02
2.209345363760268494e-02
2.418103682170439500e-02
3.143271809290095614e-02
2.808834975322491850e-02
2.847436173244379670e-02
3.354476765239267771e-02
3.385385084521230076e-02
2.268401173804411586e-02
2.509759670411087357e-02
2.289570964032740241e-02
2.497244791997800528e-02
2.992476455104572594e-02
2.978812709735980530e-02
2.597912886516819120e-02
3.014887816331421680e-02
2.797922968826560552e-02
3.385966120662829704e-02
2.886076184932292316e-02
3.502266827530742255e-02
2.916332045196336903e-02
3.166173058951351343e-02
2.566721700091357042e-02
2.925493029227169139e-02
2.208764327618668866e-02
2.270313619878965017e-02
3.310895613784090030e-02
2.755025406379273123e-02
2.189506983464894335e-02
3.524748030558003120e-02
3.724046860137914666e-02
3.405627701458396883e-02
2.529017014564861887e-02
3.179346915885536418e-02
2.808253939180892222e-02
3.149588974967026944e-02
2.753112960304719345e-02
2.012533005497492769e-02
3.366127740367455545e-02
3.421460191116670879e-02
3.124595501277920018e-02
2.756533176707366695e-02
2.585979044245131572e-02
2.812914170246036752e-02
2.208764327618668866e-02
3.370787971432599728e-02
2.436861525902772607e-02
3.422041227258269813e-02
3.446934376781526227e-02
2.916332045196336903e-02
2.916332045196336903e-02
2.817414923211724459e-02
3.035861249030589321e-02
2.737189322939252711e-02
2.337297045756368818e-02
2.209345363760268494e-02
3.164186088055656598e-02
2.812914170246036752e-02
2.736608286797653777e-02
3.067546961983311921e-02
2.935589389350111433e-02
2.337297045756368818e-02
3.316893449211066186e-02
3.481352548765180577e-02
3.179927952027135352e-02
3.064703143629410667e-02
2.666204644517602973e-02
3.391702250198161406e-02
3.446934376781526227e-02
3.635312607890583969e-02
3.083960487783185198e-02
3.297231868415498313e-02
3.083960487783185198e-02
3.297231868415498313e-02
2.240049167639997230e-02
2.916332045196336903e-02
2.697976867084664332e-02
3.163686587634215175e-02
3.804272460410386414e-02
3.083960487783185198e-02
2.249143829650637055e-02
2.995226235535853807e-02
3.804272460410386414e-02
2.586065553859470678e-02
3.391702250198161406e-02
2.739366659203858884e-02
2.908317919748737782e-02
2.437361026324214378e-02
3.183847668851223778e-02
3.366708776509055173e-02
2.966882821346362997e-02
2.845766929376138815e-02
3.481933584906780205e-02
2.922072812824521790e-02
3.366127740367455545e-02
2.753112960304719345e-02
3.185516912719465327e-02
3.405627701458396883e-02
2.658560022789787508e-02
2.908487546159141401e-02
3.405046665316797949e-02
2.822008832256676578e-02
2.832839060155749322e-02
2.737189322939252711e-02
3.693707883077805565e-02
2.966882821346362997e-02
2.841847212552050389e-02
2.570641416915445121e-02
3.064122107487811039e-02
2.828092319476266381e-02
3.163105551492616241e-02
2.337297045756368818e-02
3.143852845431694548e-02
2.886657221073891250e-02
2.996640762264873165e-02
3.333306975010939810e-02
2.936170425491711061e-02
2.904323238998840831e-02
2.350613744972578079e-02
2.889060575594962904e-02
3.282634755326867965e-02
2.745702948808293256e-02
2.570641416915445121e-02
2.889060575594962904e-02
2.808834975322491850e-02
3.077447398678943846e-02
3.524748030558003120e-02
2.694635129385228658e-02
2.943403637488330171e-02
3.724046860137914666e-02
3.422041227258269813e-02
3.297231868415498313e-02
2.348127273655441910e-02
2.120611111512937103e-02
3.370787971432599728e-02
3.179346915885536418e-02
3.421460191116670879e-02
2.736608286797653777e-02
2.666204644517602973e-02
2.101267257744823813e-02
2.955250970145679307e-02
3.066965925841712293e-02
3.422041227258269813e-02
2.639302678636012978e-02
3.366708776509055173e-02
2.995226235535853807e-02
3.179927952027135352e-02
2.924059783720216882e-02
2.694635129385228658e-02
2.627651703507825204e-02
2.996640762264873165e-02
2.847753900271833560e-02
3.385966120662829704e-02
3.295063124125816034e-02
3.166173058951351343e-02
2.566721700091357042e-02
2.924059783720216882e-02
3.804272460410386414e-02
3.246398659223823091e-02
2.546845067093754522e-02
2.270313619878965017e-02
2.966874229371439797e-02
3.165592022809752409e-02
2.658560022789787508e-02
2.995226235535853807e-02
2.841847212552050389e-02
2.889060575594962904e-02
2.997138681610407585e-02
2.997221798406472099e-02
2.674218769965202441e-02
2.992476455104572594e-02
3.083379451641585570e-02
2.813495206387636033e-02
2.927979500544305308e-02
3.124595501277920018e-02
3.166173058951351343e-02
3.163105551492616241e-02
2.585398008103532291e-02
3.204821101550391765e-02
3.391702250198161406e-02
2.162235513863520683e-02
2.101353767359162572e-02
2.753112960304719345e-02
2.012533005497492769e-02
2.925493029227169139e-02
3.077438806704020646e-02
3.366708776509055173e-02
2.695216165526827939e-02
2.584651588194247090e-02
2.529017014564861887e-02
2.733855616150944814e-02
3.370787971432599728e-02
2.694635129385228658e-02
2.477987447844025998e-02
3.282634755326867965e-02
3.179927952027135352e-02
3.375288724398287782e-02
2.120611111512937103e-02
2.551149462530281214e-02
2.889060575594962904e-02
2.693476114118976972e-02
2.755025406379273123e-02
2.584070552052647810e-02
2.676807076856336023e-02
2.546845067093754522e-02
2.925493029227169139e-02
3.165592022809752409e-02
2.980629122447223806e-02
2.337297045756368818e-02
3.077447398678943846e-02
2.955250970145679307e-02
2.337878081897968099e-02
2.886076184932292316e-02
3.149588974967026944e-02
2.529017014564861887e-02
2.841266176410451108e-02
3.333306975010939810e-02
3.366127740367455545e-02
3.069363374694554850e-02
2.694635129385228658e-02
2.517087126175244355e-02
2.586065553859470678e-02
2.959555365582205999e-02
3.166173058951351343e-02
3.035861249030589321e-02
3.069363374694554850e-02
2.517087126175244355e-02
3.421460191116670879e-02
2.357135426051742630e-02
2.922072812824521790e-02
2.847172864130234626e-02
2.639883714777612606e-02
2.966874229371439797e-02
3.485853301730868631e-02
3.370787971432599728e-02
3.179927952027135352e-02
3.103041032437153443e-02
2.904323238998840831e-02
3.163105551492616241e-02
2.847753900271833560e-02
2.409009020159800021e-02
3.164186088055656598e-02
2.678719522930889801e-02
2.755025406379273123e-02
3.274251164966796024e-02
2.081428877449450002e-02
2.997221798406472099e-02
3.246398659223823091e-02
3.179346915885536418e-02
2.936170425491711061e-02
3.405046665316797949e-02
3.485853301730868631e-02
2.724760954140304989e-02
2.764960292962067787e-02
2.586065553859470678e-02
2.886657221073891250e-02
3.032137889735661562e-02
2.529017014564861887e-02
2.289570964032740241e-02
3.016396025764182115e-02
2.495917335946916046e-02
3.481352548765180577e-02
2.975968891382079276e-02
2.847436173244379670e-02
2.401681564395642676e-02
2.605322898013245209e-02
3.055118593184363851e-02
2.658560022789787508e-02
2.827511283334666753e-02
3.294482087984217100e-02
3.613482282805333817e-02
2.775441765799299687e-02
2.827511283334666753e-02
3.083379451641585570e-02
2.925493029227169139e-02
2.886076184932292316e-02
2.438766961078309842e-02
2.694635129385228658e-02
3.031556853594061934e-02
3.481352548765180577e-02
2.495917335946916046e-02
2.495917335946916046e-02
2.697976867084664332e-02
2.764960292962067787e-02
3.124014465136321084e-02
2.922072812824521790e-02
2.584651588194247090e-02
2.916332045196336903e-02
3.083960487783185198e-02
2.477987447844025998e-02
2.935589389350111433e-02
2.418103682170439500e-02
2.348127273655441910e-02
1.993275661343718239e-02
3.077447398678943846e-02
2.753112960304719345e-02
2.101353767359162572e-02
3.166173058951351343e-02
2.935589389350111433e-02
2.509092124655148970e-02
2.724760954140304989e-02
3.185516912719465327e-02
3.297231868415498313e-02
2.082009913591049283e-02
2.997138681610407585e-02
2.529017014564861887e-02
2.756533176707366695e-02
2.997221798406472099e-02
2.268401173804411586e-02
2.566721700091357042e-02
2.737189322939252711e-02
2.996640762264873165e-02
3.371369007574199356e-02
2.081428877449450002e-02
3.277974524261723782e-02
3.069363374694554850e-02
3.385385084521230076e-02
2.889060575594962904e-02
2.841266176410451108e-02
3.635312607890583969e-02
3.083379451641585570e-02
2.439347997219909123e-02
3.243912187906686923e-02
2.812914170246036752e-02
3.179927952027135352e-02
3.001798912675552461e-02
2.774282750533047653e-02
3.405046665316797949e-02
2.674218769965202441e-02
2.797922968826560552e-02
2.845267428954697392e-02
3.103622068578752377e-02
2.893720806660107780e-02
3.001798912675552461e-02
3.143852845431694548e-02
2.409009020159800021e-02
3.036057606559749988e-02
2.547426103235353456e-02
3.185516912719465327e-02
3.446934376781526227e-02
2.832839060155749322e-02
3.179346915885536418e-02
2.753112960304719345e-02
3.204821101550391765e-02
3.224078445704166296e-02
2.908317919748737782e-02
3.048289617829537390e-02
2.356554389910143349e-02
3.143271809290095614e-02
2.209345363760268494e-02
2.570406806684055745e-02
2.955250970145679307e-02
3.282634755326867965e-02
3.804272460410386414e-02
3.124014465136321084e-02
3.294482087984217100e-02
2.676807076856336023e-02
2.693476114118976972e-02
2.844686392813098458e-02
2.923478747578617601e-02
2.458691850988022759e-02
2.835325531472885838e-02
2.902815468670747259e-02
2.181492858017295561e-02
2.666204644517602973e-02
2.996640762264873165e-02
3.502266827530742255e-02
2.841266176410451108e-02
2.348127273655441910e-02
2.908317919748737782e-02
2.101267257744823813e-02
2.828092319476266381e-02
2.739358067228934990e-02
2.775441765799299687e-02
2.886657221073891250e-02
2.547426103235353456e-02
2.348127273655441910e-02
2.328202383745728993e-02
2.935589389350111433e-02
2.694057150260575906e-02
3.422041227258269813e-02
2.509673160796748598e-02
2.764960292962067787e-02
2.328202383745728993e-02
2.162235513863520683e-02
2.822008832256676578e-02
2.908317919748737782e-02
2.585979044245131572e-02
2.101267257744823813e-02
2.828178829090605140e-02
3.179927952027135352e-02
2.639302678636012978e-02
2.585979044245131572e-02
3.311476649925688964e-02
3.064703143629410667e-02
3.481933584906780205e-02
2.889060575594962904e-02
2.955832006287278241e-02
2.437361026324214378e-02
2.356554389910143349e-02
3.068782338552955569e-02
2.270313619878965017e-02
2.438766961078309842e-02
2.693476114118976972e-02
3.128515218102008444e-02
3.224078445704166296e-02
3.246398659223823091e-02
2.546845067093754522e-02
2.966882821346362997e-02
2.648455070691922014e-02
2.720100723075160459e-02
3.224078445704166296e-02
3.222742397678358961e-02
3.091193699779804654e-02
2.867097754039947544e-02
2.737189322939252711e-02
3.077447398678943846e-02
2.566140663949757761e-02
2.828092319476266381e-02
2.249143829650637055e-02
2.756533176707366695e-02
2.753112960304719345e-02
2.627651703507825204e-02
2.992476455104572594e-02
2.584070552052647810e-02
2.923478747578617601e-02
1.993275661343718239e-02
2.100686221603224532e-02
2.993057491246171528e-02
3.069363374694554850e-02
2.925493029227169139e-02
2.827511283334666753e-02
2.720100723075160459e-02
2.745702948808293256e-02
2.923478747578617601e-02
2.509673160796748598e-02
2.181492858017295561e-02
2.904323238998840831e-02
2.841847212552050389e-02
2.639302678636012978e-02
3.103622068578752377e-02
3.077438806704020646e-02
2.916913081337936531e-02
3.077447398678943846e-02
3.066965925841712293e-02
2.497244791997800528e-02
2.694057150260575906e-02
2.490415816642974067e-02
3.032137889735661562e-02
3.481352548765180577e-02
2.240049167639997230e-02
2.409009020159800021e-02
2.697976867084664332e-02
2.240049167639997230e-02
3.723465823996315732e-02
2.585979044245131572e-02
3.064703143629410667e-02
2.240049167639997230e-02
3.274251164966796024e-02
2.584651588194247090e-02
2.845267428954697392e-02
2.081428877449450002e-02
2.589898761069219998e-02
3.004285383992688629e-02
3.635312607890583969e-02
3.064703143629410667e-02
2.589898761069219998e-02
2.867097754039947544e-02
3.047708581687937762e-02
3.502266827530742255e-02
2.775441765799299687e-02
2.916332045196336903e-02
3.282634755326867965e-02
2.162235513863520683e-02
2.923478747578617601e-02
1.993275661343718239e-02
2.827511283334666753e-02
2.695216165526827939e-02
2.598493922658418748e-02
3.481933584906780205e-02
2.120611111512937103e-02
2.605322898013245209e-02
2.357135426051742630e-02
2.337878081897968099e-02
2.249143829650637055e-02
2.978812709735980530e-02
2.100686221603224532e-02
2.808834975322491850e-02
2.774282750533047653e-02
2.100686221603224532e-02
2.546845067093754522e-02
2.489834780501374439e-02
2.101353767359162572e-02
3.066965925841712293e-02
2.908487546159141401e-02
3.112363490008133310e-02
2.249143829650637055e-02
3.074952335386884478e-02
2.648455070691922014e-02
2.841266176410451108e-02
3.014887816331421680e-02
3.224078445704166296e-02
3.179346915885536418e-02
2.694057150260575906e-02
2.490415816642974067e-02
2.828092319476266381e-02
2.908317919748737782e-02
3.164186088055656598e-02
3.164186088055656598e-02
3.064703143629410667e-02
3.091193699779804654e-02
3.128515218102008444e-02
2.996640762264873165e-02
2.418103682170439500e-02
2.844686392813098458e-02
2.753112960304719345e-02
3.055608481618770494e-02
3.066965925841712293e-02
2.497244791997800528e-02
2.886657221073891250e-02
2.100686221603224532e-02
2.694635129385228658e-02
2.739366659203858884e-02
2.759019648024502863e-02
2.209345363760268494e-02
2.418103682170439500e-02
2.617751266812193278e-02
2.648455070691922014e-02
2.666204644517602973e-02
2.676807076856336023e-02
2.566721700091357042e-02
2.546845067093754522e-02
3.183847668851223778e-02
2.966882821346362997e-02
3.135834081891242242e-02
3.385385084521230076e-02
3.124014465136321084e-02
2.566140663949757761e-02
2.841847212552050389e-02
2.436280489761173673e-02
2.797922968826560552e-02
2.436861525902772607e-02
2.817414923211724459e-02
2.585398008103532291e-02
2.181492858017295561e-02
3.128515218102008444e-02
2.674799806106801375e-02
3.260153552299607793e-02
2.845267428954697392e-02
2.845766929376138815e-02
2.240049167639997230e-02
3.466191720935300757e-02
3.112363490008133310e-02
2.927979500544305308e-02
2.695216165526827939e-02
2.529017014564861887e-02
2.606481913279496895e-02
2.674218769965202441e-02
2.409009020159800021e-02
2.844686392813098458e-02
2.356554389910143349e-02
2.586065553859470678e-02
2.736608286797653777e-02
3.502266827530742255e-02
3.103041032437153443e-02
3.243912187906686923e-02
3.422041227258269813e-02
2.328783419887328274e-02
2.822008832256676578e-02
2.845267428954697392e-02
2.249143829650637055e-02
2.101267257744823813e-02
2.755025406379273123e-02
2.617751266812193278e-02
2.657549732702561493e-02
3.206328871878485337e-02
3.164186088055656598e-02
3.243912187906686923e-02
2.975968891382079276e-02
2.847753900271833560e-02
2.348127273655441910e-02
2.921573312403080713e-02
3.502266827530742255e-02
2.584651588194247090e-02
2.847172864130234626e-02
2.978812709735980530e-02
2.844686392813098458e-02
2.606481913279496895e-02
2.827511283334666753e-02
2.497244791997800528e-02
3.385966120662829704e-02
3.185516912719465327e-02
3.163686587634215175e-02
2.922072812824521790e-02
2.808253939180892222e-02
2.477987447844025998e-02
2.978812709735980530e-02
2.249143829650637055e-02
3.077447398678943846e-02
2.676807076856336023e-02
2.827511283334666753e-02
3.385385084521230076e-02
2.923478747578617601e-02
3.333306975010939810e-02
3.032137889735661562e-02
2.737189322939252711e-02
2.639883714777612606e-02
1.993275661343718239e-02
2.720100723075160459e-02
2.350613744972578079e-02
2.606481913279496895e-02
2.162235513863520683e-02
3.036057606559749988e-02
2.674218769965202441e-02
2.936170425491711061e-02
3.311476649925688964e-02
3.524748030558003120e-02
2.639302678636012978e-02
3.066965925841712293e-02
2.420938908549417207e-02
2.935589389350111433e-02
2.867097754039947544e-02
2.841847212552050389e-02
2.736608286797653777e-02
2.922072812824521790e-02
2.739358067228934990e-02
3.147772562255782974e-02
2.617170230670593650e-02
2.350613744972578079e-02
2.570641416915445121e-02
3.274251164966796024e-02
2.921573312403080713e-02
3.502266827530742255e-02
3.083960487783185198e-02
2.828178829090605140e-02
2.646947300363828443e-02
3.333306975010939810e-02
3.091193699779804654e-02
2.797922968826560552e-02
3.405046665316797949e-02
2.589898761069219998e-02
3.282634755326867965e-02
2.756533176707366695e-02
3.055027445477171560e-02
3.316893449211066186e-02
2.902815468670747259e-02
3.179346915885536418e-02
2.517087126175244355e-02
2.724760954140304989e-02
2.639883714777612606e-02
3.422041227258269813e-02
2.436280489761173673e-02
2.495917335946916046e-02
3.316893449211066186e-02
2.519573597492380870e-02
2.678719522930889801e-02
2.739358067228934990e-02
3.393199332659448814e-02
2.439347997219909123e-02
2.674799806106801375e-02
3.083960487783185198e-02
3.164186088055656598e-02
2.966874229371439797e-02
2.639883714777612606e-02
2.337297045756368818e-02
2.489834780501374439e-02
2.589898761069219998e-02
3.016396025764182115e-02
2.845267428954697392e-02
2.664877188466718838e-02
2.886657221073891250e-02
2.674218769965202441e-02
2.589898761069219998e-02
3.481352548765180577e-02
2.189506983464894335e-02
2.921573312403080713e-02
2.081428877449450002e-02
3.354476765239267771e-02
2.356554389910143349e-02
3.246398659223823091e-02
2.598493922658418748e-02
2.081428877449450002e-02
2.585398008103532291e-02
3.354476765239267771e-02
2.328202383745728993e-02
3.112363490008133310e-02
2.904323238998840831e-02
2.720100723075160459e-02
2.348127273655441910e-02
3.077438806704020646e-02
2.529017014564861887e-02
3.143852845431694548e-02
2.847753900271833560e-02
2.409009020159800021e-02
3.179927952027135352e-02
2.589898761069219998e-02
3.370787971432599728e-02
2.992476455104572594e-02
2.356554389910143349e-02
2.401681564395642676e-02
3.112363490008133310e-02
3.206328871878485337e-02
2.436861525902772607e-02
2.458691850988022759e-02
3.163686587634215175e-02
3.724046860137914666e-02
2.509673160796748598e-02
2.736608286797653777e-02
2.517087126175244355e-02
2.959555365582205999e-02
3.391702250198161406e-02
2.943403637488330171e-02
2.955250970145679307e-02
2.733855616150944814e-02
2.886076184932292316e-02
2.756533176707366695e-02
2.753112960304719345e-02
2.436280489761173673e-02
3.083379451641585570e-02
3.185516912719465327e-02
2.082009913591049283e-02
2.765541329103667414e-02
2.980629122447223806e-02
2.584070552052647810e-02
2.764960292962067787e-02
3.068782338552955569e-02
2.841847212552050389e-02
2.817414923211724459e-02
3.032137889735661562e-02
3.179346915885536418e-02
2.570406806684055745e-02
2.646947300363828443e-02
3.294482087984217100e-02
3.047708581687937762e-02
2.120611111512937103e-02
3.421460191116670879e-02
2.357135426051742630e-02
2.845766929376138815e-02
2.886657221073891250e-02
3.048289617829537390e-02
2.209345363760268494e-02
3.481352548765180577e-02
2.208764327618668866e-02
3.016396025764182115e-02
3.144928743901881374e-02
2.916332045196336903e-02
3.375288724398287782e-02
2.922072812824521790e-02
3.055118593184363851e-02
2.639302678636012978e-02
2.808253939180892222e-02
3.316893449211066186e-02
2.936170425491711061e-02
3.074952335386884478e-02
2.101267257744823813e-02
2.978812709735980530e-02
3.069363374694554850e-02
3.055608481618770494e-02
2.589898761069219998e-02
2.546845067093754522e-02
3.143852845431694548e-02
3.481933584906780205e-02
2.955832006287278241e-02
3.103622068578752377e-02
2.495917335946916046e-02
2.827511283334666753e-02
2.827511283334666753e-02
3.277974524261723782e-02
2.529017014564861887e-02
2.936170425491711061e-02
2.101353767359162572e-02
2.328783419887328274e-02
2.978812709735980530e-02
3.385966120662829704e-02
3.273670128825197090e-02
2.978812709735980530e-02
3.068782338552955569e-02
3.163686587634215175e-02
3.166173058951351343e-02
3.163686587634215175e-02
2.356554389910143349e-02
2.570406806684055745e-02
3.047708581687937762e-02
3.366708776509055173e-02
2.646947300363828443e-02
3.074952335386884478e-02
2.519573597492380870e-02
2.755025406379273123e-02
3.128515218102008444e-02
3.260153552299607793e-02
2.975968891382079276e-02
3.222742397678358961e-02
2.401681564395642676e-02
3.179927952027135352e-02
3.222742397678358961e-02
3.295063124125816034e-02
3.035861249030589321e-02
3.366127740367455545e-02
2.639883714777612606e-02
2.916332045196336903e-02
2.916332045196336903e-02
3.068782338552955569e-02
3.001798912675552461e-02
2.350613744972578079e-02
3.083379451641585570e-02
2.409009020159800021e-02
2.922072812824521790e-02
2.436280489761173673e-02
2.813495206387636033e-02
2.240049167639997230e-02
2.867097754039947544e-02
2.845766929376138815e-02
2.584070552052647810e-02
3.183847668851223778e-02
3.224078445704166296e-02
2.775441765799299687e-02
3.074952335386884478e-02
3.143271809290095614e-02
2.348127273655441910e-02
3.612901246663734883e-02
3.466191720935300757e-02
3.466191720935300757e-02
3.311476649925688964e-02
2.924059783720216882e-02
2.808834975322491850e-02
3.421460191116670879e-02
2.189506983464894335e-02
3.035861249030589321e-02
2.648455070691922014e-02
2.902815468670747259e-02
2.697976867084664332e-02
2.955250970145679307e-02
2.916913081337936531e-02
2.420938908549417207e-02
3.035861249030589321e-02
2.664877188466718838e-02
2.289570964032740241e-02
3.147772562255782974e-02
2.841847212552050389e-02
2.902815468670747259e-02
2.598493922658418748e-02
2.181492858017295561e-02
3.451594607846671103e-02
3.149588974967026944e-02
2.658560022789787508e-02
3.144928743901881374e-02
2.566140663949757761e-02
2.997138681610407585e-02
3.147772562255782974e-02
2.832839060155749322e-02
2.012533005497492769e-02
2.495917335946916046e-02
2.606481913279496895e-02
2.959555365582205999e-02
2.935589389350111433e-02
3.124014465136321084e-02
2.924059783720216882e-02
2.418103682170439500e-02
3.612901246663734883e-02
2.570406806684055745e-02
2.995226235535853807e-02
2.509673160796748598e-02
3.165592022809752409e-02
2.181492858017295561e-02
3.333306975010939810e-02
2.270313619878965017e-02
3.103041032437153443e-02
