2.882235548308066664e-02
1.915849514098423925e-02
2.354043262449103183e-02
2.645726238539921824e-02
2.454753883398072198e-02
2.267610662657871048e-02
2.096124667470968678e-02
2.280354318916178596e-02
2.497869358828731789e-02
2.747803425737416205e-02
1.970861684763445740e-02
2.883479851277864769e-02
1.969032118308513060e-02
2.678447814457969242e-02
3.560456232685234312e-02
2.862858248256637886e-02
2.881199750526527645e-02
2.657347534610739886e-02
2.358836938767066779e-02
2.194144580604738548e-02
2.690180408473796456e-02
1.847171857997921898e-02
3.064420404816176405e-02
2.713966573257883472e-02
2.431124609812357687e-02
2.416875666195747452e-02
2.164525089900436877e-02
2.443076606582338453e-02
2.550228931166916360e-02
1.833912007563397867e-02
3.279984913156337029e-02
2.521535736120654805e-02
3.194365249852078315e-02
2.666005770721788584e-02
2.855890872848446810e-02
3.325759581934151915e-02
2.342964337516582549e-02
2.573755895443733191e-02
2.836517011612718978e-02
3.223842628416029310e-02
3.271611525287204669e-02
2.431745154762438368e-02
2.128260404678043380e-02
2.041635123861346157e-02
2.032940225476278021e-02
2.242822303687342853e-02
2.627338456839681605e-02
2.994252580338711139e-02
1.849886472813174615e-02
2.113128022107192347e-02
2.505078279781422501e-02
3.160492218014260279e-02
3.293467217076276321e-02
2.870707675154768670e-02
1.823063273543316584e-02
2.114704545359005067e-02
2.270850353104280836e-02
2.399992552206958035e-02
1.695424826083869255e-02
2.311999906204496857e-02
2.454908751965151001e-02
2.426281079139673211e-02
2.118011375159800647e-02
2.684334683614671146e-02
2.245031800032189565e-02
2.197576196047284006e-02
2.504032825807728929e-02
2.003308335833065695e-02
2.882235548308066664e-02
2.164854620129236587e-02
2.537668116128899420e-02
2.755770799411927027e-02
2.382459571662443043e-02
2.667488967479037312e-02
2.848338647949491889e-02
2.531812541938588748e-02
2.342964337516582549e-02
2.833427325337884231e-02
3.405397061010932008e-02
2.830738518124147063e-02
2.450250085144051182e-02
3.040949955630310383e-02
3.007751872660101994e-02
2.121466007252546804e-02
2.356148131553329611e-02
2.817119217106657178e-02
2.135828070779395918e-02
3.197417022032129907e-02
2.878195092440395675e-02
2.303502925345735086e-02
2.328457362543728815e-02
3.103655354153576906e-02
2.343074728832831785e-02
2.452219944751413833e-02
3.214984597225388485e-02
2.135828070779395918e-02
2.606808345820645079e-02
2.460895367767659131e-02
3.132213753899289188e-02
3.315421399937928948e-02
2.388925024671470151e-02
2.937463807535203170e-02
2.282703733322128878e-02
2.815850201743266487e-02
2.753739517304857817e-02
2.713966573257883472e-02
3.038731867856047167e-02
2.197576196047284006e-02
2.298132479972663650e-02
2.938436081290861368e-02
2.390141404038581552e-02
2.199948881694826705e-02
2.779275743427015929e-02
1.915849514098423925e-02
3.159519944258602775e-02
3.141533455752863052e-02
2.143737240973710156e-02
2.656338953642253461e-02
2.629843288025768624e-02
2.764036516808967767e-02
2.270850353104280836e-02
2.337818040587296906e-02
2.132523306544326092e-02
2.323537435549949404e-02
2.224332217876127601e-02
2.139284768437867482e-02
2.251704089551311710e-02
2.382459571662443043e-02
3.094135109106974438e-02
2.547540123953179192e-02
2.150675997920245552e-02
1.871914003750992442e-02
1.968486220011521001e-02
2.620141487965397392e-02
2.948596182479274602e-02
3.141533455752863052e-02
3.038416016983652018e-02
3.696180749282858280e-02
2.496229557649707123e-02
2.037222318934652984e-02
2.382030360602271565e-02
3.098811270187386627e-02
2.795110651945659566e-02
2.463246991701897523e-02
2.918089946299475337e-02
3.362783008445516253e-02
2.749732896104748955e-02
2.162400084057191502e-02
2.505349537701533763e-02
2.019403557749332306e-02
2.765519713566217189e-02
3.473038201700386074e-02
2.065919338055694290e-02
2.326604106157912841e-02
2.327287067498528747e-02
3.515975849181870311e-02
2.926788571650553936e-02
3.704278155306885145e-02
2.668734967175555653e-02
2.175739024329820942e-02
2.462955829032930852e-02
2.585661573902862595e-02
2.547549122842420952e-02
2.851172720627255866e-02
2.922162600979279559e-02
2.373566945823058633e-02
2.273758937463590812e-02
2.158822061720749516e-02
2.498158872234624087e-02
2.372322642853260527e-02
2.263460371973979521e-02
2.500440401181598313e-02
2.930787077486108130e-02
2.307206311651850694e-02
2.356246612529086168e-02
2.139456021022207236e-02
2.432635262766451312e-02
2.125918479788389132e-02
2.585040537942421071e-02
2.270850353104280836e-02
2.378603874693128312e-02
3.323074299984336150e-02
2.455912968782885536e-02
2.754944705486996048e-02
3.461824267271002009e-02
2.538407923391176532e-02
2.757049501412656839e-02
2.507767086995159669e-02
2.426370121460618909e-02
2.817554724087400000e-02
2.288669114289601514e-02
2.631620550298056221e-02
2.634819036028779662e-02
2.128260404678043380e-02
3.756260151614197740e-02
2.746800760358322074e-02
2.132857236734924875e-02
2.884652224796050227e-02
2.706975935916461698e-02
2.762967635195789223e-02
2.433792628804818878e-02
2.346276123729049840e-02
2.399263606983989203e-02
2.359532185172063742e-02
3.001348868551867444e-02
2.365813417011931874e-02
1.741961279397242351e-02
2.619544722536156986e-02
2.370451752257548422e-02
2.342067990320094786e-02
2.501675705262154659e-02
1.991094786757978061e-02
2.386070816469942901e-02
2.084910733041584613e-02
2.310829611159296790e-02
2.973382319072786009e-02
2.951705448301546186e-02
2.518679059898378328e-02
1.848881826615407856e-02
2.505078279781422501e-02
2.878510943312790477e-02
2.492472689404856209e-02
2.830738518124147063e-02
2.621373075872208622e-02
2.167826499805286869e-02
2.357307216938142949e-02
2.799785422044729841e-02
2.313487543491718826e-02
2.548269998277821052e-02
2.567474663603865059e-02
2.805394526585519924e-02
2.805602727317418887e-02
3.608326582756234135e-02
2.460895367767659131e-02
2.761347709595230598e-02
2.663501294596892777e-02
2.583493258429199468e-02
3.028125612176528828e-02
2.617300421192404400e-02
3.271611525287204669e-02
2.642798760651386344e-02
2.064558033209605570e-02
2.864901753246139327e-02
3.263924369754009347e-02
2.684334683614671146e-02
2.487020624808650854e-02
3.307770837780495132e-02
2.293963860117763723e-02
2.591029783473121004e-02
3.021958560644419714e-02
2.600582435010837662e-02
3.039983527196106136e-02
2.761521207730662647e-02
2.938436081290861368e-02
2.228573360070732964e-02
2.695940040720696401e-02
2.937463807535203170e-02
2.150027064242994099e-02
2.807511158128537035e-02
3.779875178515993556e-02
2.645740976234202055e-02
2.836517011612718978e-02
2.377200938534524202e-02
2.550228931166916360e-02
2.639363089641869400e-02
3.141533455752863052e-02
2.212511210100388467e-02
3.524632153523099554e-02
2.229641421101846710e-02
2.570715054041785783e-02
2.135813333085115687e-02
2.438852174687016969e-02
2.518679059898378328e-02
2.885409321645197520e-02
1.994646674301981878e-02
1.838672538383790897e-02
2.413926393577117691e-02
2.084910733041584613e-02
2.672733473011109848e-02
2.546567850197520647e-02
2.729225327705691109e-02
3.017276878156447892e-02
2.486434786097678137e-02
2.403889577655263579e-02
2.442142201227806564e-02
2.063305996150842023e-02
2.329821006145186765e-02
3.021158236768338098e-02
2.595046091981805664e-02
2.764036516808967767e-02
3.214984597225388485e-02
2.825329919313858060e-02
2.678121279535375376e-02
2.834365198237066841e-02
2.944555726611602919e-02
3.498206547139200151e-02
2.832492260268497028e-02
2.460914843136481969e-02
2.279017340256687257e-02
1.838672538383790897e-02
2.375011450066997695e-02
3.120999819469905123e-02
2.216551665968059456e-02
1.970519755595735029e-02
3.185441749903121511e-02
2.997759624188388317e-02
2.154585974993791092e-02
2.465196605005127647e-02
2.228137853089990142e-02
2.895484155556125525e-02
2.343551187077344208e-02
2.519156362015725556e-02
3.103703445210752657e-02
2.232385549345644593e-02
2.585661573902862595e-02
2.186231099701579916e-02
2.527816967960522937e-02
2.069806586671516652e-02
2.041635123861346157e-02
2.879403671334139492e-02
2.702751504021140214e-02
2.098474081876918612e-02
2.184839819331772098e-02
3.131056387860921275e-02
2.455133438196659135e-02
3.395391224175788036e-02
3.141533455752863052e-02
2.407645161737249559e-02
2.234419084929858274e-02
2.245031800032189565e-02
3.160492218014260279e-02
2.706397352064136147e-02
1.981733690025119093e-02
2.938436081290861368e-02
2.426623008307383575e-02
2.760548933975004449e-02
3.076801314045047100e-02
2.293527768597934322e-02
2.712903756336933203e-02
2.668734967175555653e-02
2.678121279535375376e-02
2.251608302275856510e-02
2.454908751965151001e-02
1.950982462312852994e-02
2.433792628804818878e-02
2.474005795908457150e-02
2.352827396025451365e-02
3.229808009383501599e-02
2.759223273681449956e-02
3.133736196185417378e-02
2.293963860117763723e-02
2.035474164122936386e-02
2.262196164923070685e-02
2.955732455550014182e-02
2.969103750878332448e-02
2.381444845798668525e-02
2.192597301091517292e-02
2.570715054041785783e-02
3.010440679873839162e-02
2.101914087677808629e-02
2.538407923391176532e-02
2.877881495271758516e-02
2.322491981576255832e-02
2.495685912829859535e-02
3.086835998058378577e-02
3.097727533733105054e-02
2.486191457564988425e-02
2.646543122165725612e-02
2.503085404507187847e-02
2.041635123861346157e-02
3.211532122955865209e-02
2.830772773610935877e-02
2.019403557749332306e-02
3.315421399937928948e-02
2.808879301071154702e-02
2.335129233373559737e-02
2.432635262766451312e-02
2.923935671158600300e-02
1.979524193680272035e-02
2.216551665968059456e-02
3.773593946676125077e-02
2.729225327705691109e-02
3.498206547139200151e-02
2.339994891889181708e-02
2.944555726611602919e-02
2.637646556183790778e-02
2.085368664600307023e-02
1.883127938180376160e-02
2.923935671158600300e-02
2.417957720286174894e-02
3.467669992130127665e-02
3.268922718073467848e-02
2.786403131599629601e-02
1.911480429899125449e-02
2.303006851484019901e-02
3.163560400126273764e-02
1.988365442462113747e-02
2.776685417189035318e-02
2.267207665167189287e-02
2.758768175027957736e-02
2.768118155168751773e-02
1.811849339113932866e-02
3.484859209476125208e-02
2.136767213808470067e-02
2.685905356707364924e-02
2.201177619562656729e-02
2.197576196047284006e-02
2.952642769275179088e-02
2.654832787556174120e-02
2.422607246700294106e-02
2.883479851277864769e-02
1.871914003750992442e-02
3.088319194815627652e-02
2.504961277905132233e-02
2.599498564517647992e-02
1.833912007563397867e-02
2.525276007336467107e-02
2.284982721224159893e-02
2.555107790054531730e-02
2.666907345105991312e-02
2.654832787556174120e-02
2.761456982241694905e-02
2.139456021022207236e-02
1.990738128109656099e-02
2.660036341824477055e-02
2.713966573257883472e-02
2.436611153573310998e-02
2.243107672142000478e-02
3.120999819469905123e-02
1.933163701127531969e-02
3.064420404816176405e-02
2.720716963482869288e-02
2.444641362824899813e-02
2.428435802598620519e-02
2.362523390471142279e-02
2.583493258429199468e-02
2.847730946042103042e-02
1.900631695879044514e-02
2.232385549345644593e-02
2.289866074276768193e-02
2.889202923716257740e-02
2.245219161173461417e-02
2.750133775165846881e-02
2.760548933975004449e-02
2.469237060872798983e-02
2.458915373165259863e-02
2.509998206775201912e-02
2.763014882380129822e-02
1.904635579669039860e-02
2.365216245614717647e-02
3.483886935720467010e-02
2.381826909205798579e-02
2.388536764875068621e-02
2.463440795156324539e-02
2.642436211999132228e-02
2.327205325484965268e-02
2.454908751965151001e-02
2.381300486277629705e-02
2.600582435010837662e-02
2.779288362691711978e-02
3.289076724478309094e-02
3.395391224175788036e-02
3.080992509002065949e-02
2.587896370291862397e-02
2.376064979634798582e-02
2.618022280250029143e-02
2.293648009245368574e-02
2.786046472951307640e-02
2.428152730136307405e-02
3.411324881431403166e-02
1.858385792427305616e-02
2.602850791248860485e-02
2.075748668448056111e-02
2.098474081876918612e-02
3.620535635016573772e-02
2.263895878954721996e-02
3.057839026519727776e-02
2.683360909014666229e-02
2.688970013555456312e-02
2.244468976988088851e-02
2.530350906607180955e-02
2.616855915322419818e-02
2.693651843826548251e-02
3.021158236768338098e-02
2.774832538521923922e-02
2.330854055890711068e-02
2.084753106532593117e-02
2.357307216938142949e-02
1.994646674301981878e-02
2.333802272923054047e-02
2.976266091832971417e-02
2.188910908026075325e-02
2.441596302930814852e-02
2.131545977321020954e-02
2.774832538521923922e-02
2.195331894703531420e-02
2.180218845242512180e-02
2.620198446706105758e-02
1.748566106153179311e-02
2.280014926108391710e-02
2.874918518686659860e-02
2.338329370368008586e-02
2.008556889294976777e-02
2.435315071090946720e-02
2.776586936213278761e-02
3.052599397040436577e-02
3.239379870751200874e-02
2.171135851969104719e-02
1.915849514098423925e-02
1.866700587800728534e-02
2.947197286640999489e-02
2.764036516808967767e-02
2.617300421192404400e-02
2.788404511082178891e-02
2.733860294854265072e-02
2.494513364307515343e-02
2.383989293491366873e-02
3.157806936064444514e-02
3.014631874830858357e-02
1.998064813923217803e-02
3.098811270187386627e-02
2.988287199371238503e-02
2.381292681906865480e-02
2.587814628278298917e-02
1.901545893394204767e-02
1.724457521698573997e-02
2.087625347856837676e-02
2.060802148586979299e-02
2.001586862129737035e-02
2.309856566109609599e-02
2.852009514236556950e-02
2.420632534440598366e-02
2.505349537701533763e-02
2.243923078691097139e-02
2.223156492723996416e-02
3.614607814596101920e-02
2.041278465213024543e-02
2.514929427949798985e-02
2.587896370291862397e-02
2.326604106157912841e-02
3.362783008445516253e-02
2.243423523014395279e-02
2.117393352572742235e-02
2.666943069182045600e-02
2.668561469040123951e-02
2.521210659789667116e-02
2.261242284199716304e-02
2.091965612038395803e-02
2.712807487873070134e-02
2.346276123729049840e-02
2.786403131599629601e-02
1.889417761449660449e-02
2.598135778256640757e-02
3.069017236873057899e-02
2.090718487500066100e-02
2.760020749144725602e-02
2.273768786794775829e-02
3.325763107198072971e-02
2.214881791646976239e-02
3.455470626507127496e-02
1.936868412278193799e-02
2.340310742761576857e-02
2.434433961976175537e-02
2.310829611159296790e-02
2.343074728832831785e-02
2.150675997920245552e-02
2.309856566109609599e-02
2.680536741169132348e-02
2.761347709595230598e-02
2.759223273681449956e-02
2.642639663395605215e-02
2.377200938534524202e-02
2.213396493115123501e-02
3.395391224175788036e-02
2.587814628278298917e-02
2.588472153384966182e-02
2.465139275031803454e-02
2.769248867035657008e-02
2.774193092733459945e-02
2.173791880772759852e-02
2.696970099081317379e-02
2.811568108284891870e-02
2.779275743427015929e-02
2.365813417011931874e-02
2.882235548308066664e-02
2.625825954376025118e-02
2.646300744365000582e-02
3.785802998936464714e-02
2.309856566109609599e-02
2.136767213808470067e-02
2.128607287002126300e-02
2.260641064872663877e-02
3.325759581934151915e-02
2.411458798849011251e-02
3.076801314045047100e-02
2.884924355521803832e-02
1.943243671196006467e-02
2.257952257658926709e-02
2.295831455244240829e-02
2.887332033120545635e-02
2.647894030609638377e-02
2.646543122165725612e-02
2.882720514431460351e-02
2.715496295086807302e-02
2.154585974993791092e-02
2.491871470077803782e-02
2.191610641958080183e-02
2.590503435492036086e-02
2.448739148665895690e-02
2.450066109116400687e-02
2.200305540343148319e-02
2.996104363019794561e-02
2.888516780147934795e-02
2.683360909014666229e-02
2.408804247122062897e-02
2.854872766636124687e-02
2.618022280250029143e-02
2.715616535734241555e-02
2.152715871456731267e-02
2.386070816469942901e-02
3.259402473026865033e-02
3.091446301893237270e-02
1.713243587269190280e-02
2.830836999099903620e-02
2.327205325484965268e-02
2.172089732692459099e-02
2.295831455244240829e-02
2.550228931166916360e-02
2.906335541333255473e-02
2.058592652242132587e-02
2.009156083323484707e-02
2.864901753246139327e-02
3.057803302443673835e-02
2.977795123999479182e-02
2.876118098691161917e-02
2.254221644180708778e-02
2.135828070779395918e-02
2.273758937463590812e-02
2.977795123999479182e-02
2.889202923716257740e-02
2.909024348546992642e-02
2.357307216938142949e-02
3.278227990458228158e-02
2.514048318835027801e-02
2.224332217876127601e-02
2.757735636394227641e-02
2.036029911751113114e-02
3.104776651154859610e-02
1.962196396742237059e-02
3.515540342201127488e-02
1.858385792427305616e-02
2.937463807535203170e-02
3.021021239670786812e-02
2.684423725935616845e-02
3.075172821581655114e-02
2.195331894703531420e-02
2.553620152767309415e-02
2.634819036028779662e-02
2.232385549345644593e-02
2.585293424789185737e-02
3.137021768828394952e-02
2.309468306313208069e-02
2.388925024671470151e-02
2.712807487873070134e-02
2.525228760152126509e-02
1.951172032982412610e-02
2.588472153384966182e-02
2.684423725935616845e-02
2.571438913952630440e-02
2.819048687473989928e-02
2.888516780147934795e-02
2.862035107590764002e-02
2.834365198237066841e-02
2.486434786097678137e-02
2.547540123953179192e-02
2.015121464290957690e-02
2.269166192088310774e-02
2.610881000500449300e-02
2.139284768437867482e-02
2.161240998672378164e-02
2.313487543491718826e-02
2.284982721224159893e-02
2.111071187332045143e-02
1.990548888460986002e-02
2.855209651231005799e-02
2.527795208288845241e-02
2.418800900266871237e-02
2.764340463150164601e-02
2.645740976234202055e-02
2.196053753761156163e-02
3.539010791386993510e-02
2.258205249713945290e-02
2.327764369615875975e-02
2.188734947265442640e-02
2.121643302305540810e-02
2.399992552206958035e-02
3.257922244706872028e-02
2.491435963097060960e-02
2.175153185618848226e-02
2.338329370368008586e-02
2.505349537701533763e-02
2.247460182287167388e-02
2.567474663603865059e-02
2.125580596353547971e-02
2.117393352572742235e-02
2.753423801706636476e-02
2.774885250829049049e-02
2.610347298537729274e-02
1.915849514098423925e-02
1.988365442462113747e-02
2.849642998798332036e-02
2.249388903981868262e-02
3.087381873841994750e-02
2.438852174687016969e-02
3.028239792484287846e-02
2.366545178018697806e-02
2.776011788937976163e-02
2.609349712686024475e-02
2.683225548382869516e-02
1.954457605625390185e-02
2.617300421192404400e-02
2.250750208827956983e-02
3.104694909141296130e-02
2.277190552906136270e-02
2.456502038209788796e-02
2.945316083461617732e-02
3.263924369754009347e-02
2.769248867035657008e-02
2.864901753246139327e-02
2.855753875750895870e-02
3.263681041221319634e-02
2.822641112100120891e-02
2.624617450813811551e-02
2.804822350914799867e-02
2.191067579262593462e-02
1.900631695879044514e-02
2.491871470077803782e-02
2.260001619084199900e-02
2.406355526060389299e-02
2.568592930934373783e-02
2.770072007701530892e-02
1.992582424045200029e-02
2.074261031160834143e-02
3.465476463342272162e-02
2.146426048187446978e-02
2.571438913952630440e-02
2.713966573257883472e-02
2.966946389979397899e-02
3.246105608568688322e-02
2.105225462472919834e-02
2.170534632642052292e-02
2.616855915322419818e-02
2.864901753246139327e-02
2.921246863944863131e-02
2.372079308535836317e-02
2.425762419553230062e-02
2.654832787556174120e-02
1.938000149286158227e-02
2.205337731538675738e-02
3.132213753899289188e-02
2.153588389142086640e-02
2.807511158128537035e-02
2.269522850736632388e-02
3.070500433630306628e-02
2.862035107590764002e-02
2.052127199233105478e-02
2.653647494671467280e-02
2.958846728051125682e-02
2.497717194936929092e-02
2.650582837823375545e-02
2.152159194677494627e-02
2.285958547404186997e-02
2.080655320691597587e-02
3.455316362153858234e-02
2.738050758544796626e-02
2.849642998798332036e-02
3.467669992130127665e-02
2.969695462071206965e-02
2.524069674767313171e-02
2.263936830218491944e-02
2.978770567957867224e-02
2.712807487873070134e-02
2.064558033209605570e-02
2.873438290366666509e-02
3.239379870751200874e-02
2.151186149627807437e-02
2.567474663603865059e-02
2.189456806323067037e-02
2.862858248256637886e-02
1.832424370276175898e-02
2.434433961976175537e-02
2.755922963303730072e-02
2.581679803332327314e-02
2.157274782207528260e-02
1.706638760513253320e-02
2.082376794394926248e-02
2.085368664600307023e-02
2.712903756336933203e-02
2.636674282428132232e-02
2.547549122842420952e-02
2.966224530921773503e-02
3.047231187470178168e-02
2.700694704076593566e-02
2.041635123861346157e-02
2.267803405827303193e-02
2.656338953642253461e-02
2.521210659789667116e-02
2.683225548382869516e-02
3.202562083902259910e-02
2.175017165272196198e-02
2.383634200828545907e-02
2.565259916126848977e-02
2.445622033971003514e-02
2.132857236734924875e-02
2.749489567572059243e-02
2.629843288025768624e-02
2.365216245614717647e-02
2.200305540343148319e-02
2.180982546239669181e-02
2.516563472130917828e-02
1.876157911015136417e-02
2.878195092440395675e-02
2.573755895443733191e-02
1.821575636256094616e-02
3.107310589801517628e-02
1.770628774602644312e-02
2.587874610620185048e-02
2.357307216938142949e-02
1.848881826615407856e-02
2.343510235813574261e-02
2.190685544190897407e-02
2.284251012835350134e-02
2.845649840735754721e-02
2.392830211252318720e-02
2.552136956010060687e-02
2.676854504741869520e-02
2.311999906204496857e-02
2.645125019212869397e-02
2.938436081290861368e-02
2.947244533825340088e-02
2.335129233373559737e-02
2.590585177505599565e-02
2.610347298537729274e-02
3.444978551135367828e-02
1.713243587269190280e-02
2.537668116128899420e-02
2.587814628278298917e-02
2.348754741345647143e-02
3.141533455752863052e-02
2.506405782149071296e-02
2.293648009245368574e-02
3.372771153711444370e-02
2.293963860117763723e-02
2.190781798621787430e-02
2.562985690030141622e-02
2.765793439507076984e-02
2.508818550997235150e-02
2.819887132347016767e-02
3.307770837780495132e-02
3.229808009383501599e-02
2.249388903981868262e-02
2.154585974993791092e-02
2.200861768690261580e-02
2.280313718787342972e-02
2.686890381933006861e-02
2.275109813384105714e-02
2.504032825807728929e-02
2.548699209337992530e-02
2.530350906607180955e-02
2.260130483785069075e-02
1.919049651092872774e-02
2.879403671334139492e-02
2.322176130703861030e-02
2.135212113758063260e-02
2.445622033971003514e-02
1.962020767002493893e-02
2.533039713820918123e-02
2.185645260990607547e-02
3.043575951822237100e-02
2.779676622488113855e-02
2.346276123729049840e-02
2.462955829032930852e-02
2.631378912707352941e-02
2.640335363397527946e-02
2.495944124757608004e-02
1.821575636256094616e-02
1.959324155417992500e-02
2.588472153384966182e-02
2.676854504741869520e-02
2.260001619084199900e-02
2.342528830535840073e-02
2.461098819164132118e-02
2.955732455550014182e-02
2.428806454306256177e-02
2.098474081876918612e-02
2.600582435010837662e-02
2.786046472951307640e-02
2.604292450452805677e-02
2.142374454712702575e-02
2.678447814457969242e-02
2.334029510921709072e-02
2.360396903212978043e-02
2.144832508863932924e-02
2.588284630088264274e-02
2.261362923930288274e-02
2.618015000707233156e-02
2.707369625819794692e-02
2.346276123729049840e-02
2.328457362543728815e-02
2.759223273681449956e-02
2.878195092440395675e-02
2.393881675254393507e-02
2.411458798849011251e-02
2.399992552206958035e-02
2.548699209337992530e-02
2.610881000500449300e-02
2.495028387723191923e-02
2.794545792565438641e-02
3.423215822196253033e-02
2.883479851277864769e-02
2.515570355153182169e-02
2.375011450066997695e-02
2.848483913413518698e-02
2.720716963482869288e-02
2.945316083461617732e-02
3.257922244706872028e-02
2.620457338837792541e-02
2.143737240973710156e-02
2.764036516808967767e-02
1.929299191084446474e-02
2.626182207056372911e-02
2.512687013988939080e-02
3.608326582756234135e-02
3.689899517442990495e-02
2.370817409795112143e-02
2.102571867717914142e-02
2.371181626582190630e-02
3.087381873841994750e-02
2.645328470609342383e-02
2.912263361753727325e-02
2.180218845242512180e-02
3.164774311472635937e-02
2.269140384486794879e-02
2.359968675775031208e-02
3.560456232685234312e-02
2.289673331107336049e-02
2.730722517522254228e-02
2.784812086456047928e-02
2.343824913018204004e-02
3.144034761675028322e-02
2.448343747589138211e-02
2.437495013569057276e-02
2.916186689501631957e-02
1.748566106153179311e-02
2.428435802598620519e-02
2.621373075872208622e-02
2.872229711472922692e-02
2.587874610620185048e-02
3.087381873841994750e-02
2.649368926477013719e-02
2.356558009503669296e-02
2.514048318835027801e-02
2.526758481981050339e-02
2.201297275671004403e-02
2.819887132347016767e-02
3.208843315742128388e-02
3.137021768828394952e-02
1.965306339645471467e-02
3.001348868551867444e-02
2.584222203652168301e-02
2.261362923930288274e-02
2.495685912829859535e-02
2.628871014270110079e-02
3.137457275809137081e-02
2.840589666292523199e-02
1.904635579669039860e-02
2.788404511082178891e-02
2.998660061338130275e-02
2.671250276253861120e-02
2.084753106532593117e-02
2.988287199371238503e-02
2.804411392716004217e-02
2.321070500538993664e-02
2.027904942929189061e-02
3.524632153523099554e-02
1.832067711627853937e-02
2.450066109116400687e-02
2.309346414402047715e-02
2.059314511299757677e-02
2.192196480669052899e-02
2.407645161737249559e-02
2.492983642478591513e-02
2.164525089900436877e-02
2.645726238539921824e-02
2.754944705486996048e-02
3.323074299984336150e-02
2.419431364514083166e-02
2.631790929375524279e-02
2.254221644180708778e-02
3.296556903351111067e-02
