2.416043731794968730e-02
2.839272378576644662e-02
2.258805511088388465e-02
2.168079262510603719e-02
2.922231096888863039e-02
2.366574681572740368e-02
2.156174161045129253e-02
2.131596071898487349e-02
2.556672550033501148e-02
1.854258253641708626e-02
2.568239009293166522e-02
2.527112485735365233e-02
2.656005527375219361e-02
1.931836128737610819e-02
2.697912791500974364e-02
2.648024662927532871e-02
2.750538687017531000e-02
2.620334916405072517e-02
1.929593101972252103e-02
1.966076292584368473e-02
2.457333750325455327e-02
1.969115003025004307e-02
2.589206409934133313e-02
2.508871479730899814e-02
2.421443603854655721e-02
2.146624398832379030e-02
2.686236149872940973e-02
3.056008803643246730e-02
1.929593101972252103e-02
2.739931419164498561e-02
2.498556694313702753e-02
2.556672550033501148e-02
2.383905067306357414e-02
2.568577651498975614e-02
1.862949497433424167e-02
2.133839098663846065e-02
2.465450856348030961e-02
2.201348595448960818e-02
2.503511428815655485e-02
2.421443603854655721e-02
2.299787308980856190e-02
2.297414402512602816e-02
2.181902097380122169e-02
2.501783900831956037e-02
2.454002557448984115e-02
2.576134569409604599e-02
3.033299850829260236e-02
2.843221709288128868e-02
2.354656231262771543e-02
2.761694503480742469e-02
1.931836128737610819e-02
2.805942835000735380e-02
2.652966816934583874e-02
2.604722199905282892e-02
2.874449753505891464e-02
2.652471704214239001e-02
2.439045396698379803e-02
2.267496754880103660e-02
2.805942835000735380e-02
2.354656231262771543e-02
2.685062496882583555e-02
1.921052004308728203e-02
2.836233668136008829e-02
2.233744054070603904e-02
2.874449753505891464e-02
2.656005527375219361e-02
2.043189383043415505e-02
2.120767258139317699e-02
2.867362174606948033e-02
2.295171375747244100e-02
2.860811757282650733e-02
2.131596071898487349e-02
2.576134569409604599e-02
2.064952467359659066e-02
2.944940049702849880e-02
2.228527771208416164e-02
2.053504168460612567e-02
1.884568813696611833e-02
2.362141982990113506e-02
2.547480371155114165e-02
2.814634078792450575e-02
1.871496973172083120e-02
2.762640371978485401e-02
2.339936124966899081e-02
2.334693276799996303e-02
2.297414402512602816e-02
2.695669764735615648e-02
2.405444446012363485e-02
1.899288919992484295e-02
2.762640371978485401e-02
1.983678085428092555e-02
2.601846984437332713e-02
2.750538687017531000e-02
2.620334916405072517e-02
1.983678085428092555e-02
3.033299850829260236e-02
2.590002093609410430e-02
2.109832987582243788e-02
2.589206409934133313e-02
2.559691533554507570e-02
2.752781713782889716e-02
2.284564107894211660e-02
2.535133171327494730e-02
2.922231096888863039e-02
2.576134569409604599e-02
2.520319778629946661e-02
2.579361775927858230e-02
2.626485284221526800e-02
2.840182998847493034e-02
2.574893829118336808e-02
2.520319778629946661e-02
2.380866356865721581e-02
2.814470583819764921e-02
2.043189383043415505e-02
2.758655793040106635e-02
2.503511428815655485e-02
2.332334517725982367e-02
2.556652823113871736e-02
2.258805511088388465e-02
2.870400885047583867e-02
2.454002557448984115e-02
2.836233668136008829e-02
2.439684609859121139e-02
2.898090631570044221e-02
2.056261223567944219e-02
2.631203732618339966e-02
2.419082442235604563e-02
2.469902496059211972e-02
2.546814567182731706e-02
2.416043731794968730e-02
2.263447886421796063e-02
2.442723320299756973e-02
2.817509294260400754e-02
2.623446573780890967e-02
2.434996528240072206e-02
3.107839015484526249e-02
2.485125697145856502e-02
2.489865450521987211e-02
2.947978760143485713e-02
2.498556694313702753e-02
2.574893829118336808e-02
2.489865450521987211e-02
2.414630802524423206e-02
2.543028731443932808e-02
2.142530342455561260e-02
2.521265647127689247e-02
2.146316178194360158e-02
2.457333750325455327e-02
2.447736640490094998e-02
2.817509294260400754e-02
2.134634782339123182e-02
2.284564107894211660e-02
2.685062496882583555e-02
2.814470583819764921e-02
2.362141982990113506e-02
2.297414402512602816e-02
2.298210086187879933e-02
1.871496973172083120e-02
2.298210086187879933e-02
2.109832987582243788e-02
2.091755476550463677e-02
2.469902496059211972e-02
2.736892708723862727e-02
1.893260057488327028e-02
2.520319778629946661e-02
2.093318551949200149e-02
2.048144117545368584e-02
2.333130201401259485e-02
2.134634782339123182e-02
2.321550393297099751e-02
2.168079262510603719e-02
2.611541472315416501e-02
2.267496754880103660e-02
2.728364959904833187e-02
2.156174161045129253e-02
2.860811757282650733e-02
1.969115003025004307e-02
2.590002093609410430e-02
2.331654566359360470e-02
2.604722199905282892e-02
2.578206106373179957e-02
3.030261140388624402e-02
2.568577651498975614e-02
2.677544906081225778e-02
2.975392218106708703e-02
2.858568730517292017e-02
1.871496973172083120e-02
2.735191665788367851e-02
2.142530342455561260e-02
2.586963383168774597e-02
2.623446573780890967e-02
1.966076292584368473e-02
2.318316808703711068e-02
2.285737760884569078e-02
2.164865404836844448e-02
2.192657351657245623e-02
2.534337487652217613e-02
2.119547423370864506e-02
2.577932539558972641e-02
2.255507138386847812e-02
2.255507138386847812e-02
2.414135689804078680e-02
2.383905067306357414e-02
2.947978760143485713e-02
2.405444446012363485e-02
2.736892708723862727e-02
2.922231096888863039e-02
2.589206409934133313e-02
2.048144117545368584e-02
2.043189383043415505e-02
2.784403456294728962e-02
2.091755476550463677e-02
2.737056203696548728e-02
2.421443603854655721e-02
3.002847682425401066e-02
2.303288481769819734e-02
2.263304118368739820e-02
2.761694503480742469e-02
2.535133171327494730e-02
2.285067202684983381e-02
2.005441169744336463e-02
2.565363793825216343e-02
2.922231096888863039e-02
2.376419315579015451e-02
2.577932539558972641e-02
2.053504168460612567e-02
2.385110559370730646e-02
2.858568730517292017e-02
2.293758446476698576e-02
2.083064232758748135e-02
2.790060588070283204e-02
2.689111365340891152e-02
1.921052004308728203e-02
2.303288481769819734e-02
2.177707717384808409e-02
2.816542120783340278e-02
2.469499724806338906e-02
2.521265647127689247e-02
2.503511428815655485e-02
2.434996528240072206e-02
2.590002093609410430e-02
2.706825581198826769e-02
2.520319778629946661e-02
2.383905067306357414e-02
2.816542120783340278e-02
2.056261223567944219e-02
2.787021877629647371e-02
2.752781713782889716e-02
2.285067202684983381e-02
2.686072654900255319e-02
2.469902496059211972e-02
2.183107589444495400e-02
2.331654566359360470e-02
2.803699808235376664e-02
2.005441169744336463e-02
2.999808971984765232e-02
2.539994619427771855e-02
2.511628534838231119e-02
2.758655793040106635e-02
2.414135689804078680e-02
2.380866356865721581e-02
2.623446573780890967e-02
2.623446573780890967e-02
2.336557814708176833e-02
2.332334517725982367e-02
2.281525397453575826e-02
2.524073775294729399e-02
2.548685863219487049e-02
2.569514862581464762e-02
2.005441169744336463e-02
2.759601661537849568e-02
2.405444446012363485e-02
2.947978760143485713e-02
2.405444446012363485e-02
2.091755476550463677e-02
2.093318551949200149e-02
2.421443603854655721e-02
2.546814567182731706e-02
2.652966816934583874e-02
2.978430928547344536e-02
2.005441169744336463e-02
2.568239009293166522e-02
2.469499724806338906e-02
2.634230698209773583e-02
2.817509294260400754e-02
2.233744054070603904e-02
2.578206106373179957e-02
2.392867718208179645e-02
2.604722199905282892e-02
2.677544906081225778e-02
2.874449753505891464e-02
2.758655793040106635e-02
2.556652823113871736e-02
2.567443325617889405e-02
2.297414402512602816e-02
2.843221709288128868e-02
2.083064232758748135e-02
2.354656231262771543e-02
2.648024662927532871e-02
2.539994619427771855e-02
2.201348595448960818e-02
2.233744054070603904e-02
2.149354888634995644e-02
2.387203440007898067e-02
2.456759612556315420e-02
2.149354888634995644e-02
2.178863386939486335e-02
2.156174161045129253e-02
2.421443603854655721e-02
2.414135689804078680e-02
2.354656231262771543e-02
2.053504168460612567e-02
2.924572164283101294e-02
2.710874449657135060e-02
2.133839098663846065e-02
2.318316808703711068e-02
2.501783900831956037e-02
2.656715906719248066e-02
2.578206106373179957e-02
2.814470583819764921e-02
2.083064232758748135e-02
2.549853277623367540e-02
2.146624398832379030e-02
2.454002557448984115e-02
2.576134569409604599e-02
2.925269807329498872e-02
2.101285511843584142e-02
1.871496973172083120e-02
2.978430928547344536e-02
2.403201419247004769e-02
2.133839098663846065e-02
2.299787308980856190e-02
1.893260057488327028e-02
2.450963847008348628e-02
2.925269807329498872e-02
2.895051921129408387e-02
2.212627832598188307e-02
2.134634782339123182e-02
2.710874449657135060e-02
2.299787308980856190e-02
2.836233668136008829e-02
2.369613392013375855e-02
2.695669764735615648e-02
2.403201419247004769e-02
1.691257087562091782e-02
2.589206409934133313e-02
2.790060588070283204e-02
2.112871698022879274e-02
2.631203732618339966e-02
1.719049034382492958e-02
2.306105646304318010e-02
2.416043731794968730e-02
2.750538687017531000e-02
2.611541472315416501e-02
2.405939558732708011e-02
2.637269408650409416e-02
2.104324222284219975e-02
2.442723320299756973e-02
2.230705343629968418e-02
2.737056203696548728e-02
2.735191665788367851e-02
2.870400885047583867e-02
2.629026160196787365e-02
2.547480371155114165e-02
2.228527771208416164e-02
2.457333750325455327e-02
2.137933155040663835e-02
2.460808481014623711e-02
2.707835739216499227e-02
2.128238667162580047e-02
1.932631812412887937e-02
2.559691533554507570e-02
2.925269807329498872e-02
1.691257087562091782e-02
2.689111365340891152e-02
2.146624398832379030e-02
3.107839015484526249e-02
2.579361775927858230e-02
2.626485284221526800e-02
2.327866570916461292e-02
2.339936124966899081e-02
2.728364959904833187e-02
2.466863785618576138e-02
2.589206409934133313e-02
2.339936124966899081e-02
2.548685863219487049e-02
2.579361775927858230e-02
2.406240129687640603e-02
2.524073775294729399e-02
2.348627368758614276e-02
2.299787308980856190e-02
2.579361775927858230e-02
2.752781713782889716e-02
2.503511428815655485e-02
2.252468427946211979e-02
2.898090631570044221e-02
2.601683489464647059e-02
2.277046517092853883e-02
2.505832769290263981e-02
2.448642506533740132e-02
2.634242443058975799e-02
1.907980163784199490e-02
1.929743248100443398e-02
2.655510414654874835e-02
2.924572164283101294e-02
2.489865450521987211e-02
2.655510414654874835e-02
2.485125697145856502e-02
2.442723320299756973e-02
2.633075028655095309e-02
2.174416345652780205e-02
2.634242443058975799e-02
2.493816940937571697e-02
2.805942835000735380e-02
2.421443603854655721e-02
2.385110559370730646e-02
2.728364959904833187e-02
2.064952467359659066e-02
2.762640371978485401e-02
2.816542120783340278e-02
2.683895082478703065e-02
2.579361775927858230e-02
2.201348595448960818e-02
2.112076014347602157e-02
2.698708475176251481e-02
2.656005527375219361e-02
2.870400885047583867e-02
2.706604035292689558e-02
2.330241637088814946e-02
2.814470583819764921e-02
2.843221709288128868e-02
2.620232716107131696e-02
2.503511428815655485e-02
2.380866356865721581e-02
2.341025761517697909e-02
2.689111365340891152e-02
3.033299850829260236e-02
2.119547423370864506e-02
1.893260057488327028e-02
2.979441086565016647e-02
2.732413828363141131e-02
2.577932539558972641e-02
1.992369329219807750e-02
2.752781713782889716e-02
1.871496973172083120e-02
2.119547423370864506e-02
2.336557814708176833e-02
2.634230698209773583e-02
1.940527372529326014e-02
3.056008803643246730e-02
2.252468427946211979e-02
2.267496754880103660e-02
2.318316808703711068e-02
2.520319778629946661e-02
2.520319778629946661e-02
2.504822611272591870e-02
2.839272378576644662e-02
2.648024662927532871e-02
2.309625564911996221e-02
2.814634078792450575e-02
2.203936588806472766e-02
1.929593101972252103e-02
2.255507138386847812e-02
2.128238667162580047e-02
2.758655793040106635e-02
2.927610874723737128e-02
1.929743248100443398e-02
2.922231096888863039e-02
2.306105646304318010e-02
2.839272378576644662e-02
3.056008803643246730e-02
2.513370087011251169e-02
2.366574681572740368e-02
2.576134569409604599e-02
2.308478552772571385e-02
2.056835361337083778e-02
2.975392218106708703e-02
2.359103272549478020e-02
2.652471704214239001e-02
2.306105646304318010e-02
2.840182998847493034e-02
2.589206409934133313e-02
2.559691533554507570e-02
2.819580831223976111e-02
2.683895082478703065e-02
2.637269408650409416e-02
2.706825581198826769e-02
2.758655793040106635e-02
2.549853277623367540e-02
2.870400885047583867e-02
2.084627308157484954e-02
2.460808481014623711e-02
2.736892708723862727e-02
2.593155740645617519e-02
2.814634078792450575e-02
2.761472957574604911e-02
2.836233668136008829e-02
2.384960413242539351e-02
2.677544906081225778e-02
2.333130201401259485e-02
2.924572164283101294e-02
2.633075028655095309e-02
2.604722199905282892e-02
2.403201419247004769e-02
2.419082442235604563e-02
2.927610874723737128e-02
2.520319778629946661e-02
2.597897653725848507e-02
2.277046517092853883e-02
2.783233882186748887e-02
2.548685863219487049e-02
3.030261140388624402e-02
1.992369329219807750e-02
2.944940049702849880e-02
2.120767258139317699e-02
2.741105072154856326e-02
2.439045396698379803e-02
2.706825581198826769e-02
2.181902097380122169e-02
2.263447886421796063e-02
2.293758446476698576e-02
2.532094460886859244e-02
2.339936124966899081e-02
1.862949497433424167e-02
2.781364745854093476e-02
2.753577397458166834e-02
2.298210086187879933e-02
2.376419315579015451e-02
2.737056203696548728e-02
2.927610874723737128e-02
1.921052004308728203e-02
2.752781713782889716e-02
2.761472957574604911e-02
2.267496754880103660e-02
2.975392218106708703e-02
2.201348595448960818e-02
2.752781713782889716e-02
2.255507138386847812e-02
2.869503001074365928e-02
2.806738518676012498e-02
2.578206106373179957e-02
2.120767258139317699e-02
2.298210086187879933e-02
2.332334517725982367e-02
2.527112485735365233e-02
2.465450856348030961e-02
2.334693276799996303e-02
2.083064232758748135e-02
1.854258253641708626e-02
2.181902097380122169e-02
2.447736640490094998e-02
2.501783900831956037e-02
2.925269807329498872e-02
2.128238667162580047e-02
2.454002557448984115e-02
2.574893829118336808e-02
2.634242443058975799e-02
2.134634782339123182e-02
2.978430928547344536e-02
2.512202672607370679e-02
2.805942835000735380e-02
2.053504168460612567e-02
2.447736640490094998e-02
2.421443603854655721e-02
2.101285511843584142e-02
1.893260057488327028e-02
2.177707717384808409e-02
2.466863785618576138e-02
2.652471704214239001e-02
2.565363793825216343e-02
2.380866356865721581e-02
2.631203732618339966e-02
1.983678085428092555e-02
2.201348595448960818e-02
2.359103272549478020e-02
2.043189383043415505e-02
2.634230698209773583e-02
2.120767258139317699e-02
2.787021877629647371e-02
2.005441169744336463e-02
2.860811757282650733e-02
2.101285511843584142e-02
2.177707717384808409e-02
2.869503001074365928e-02
2.505832769290263981e-02
2.512202672607370679e-02
2.501783900831956037e-02
2.263447886421796063e-02
2.611541472315416501e-02
2.384960413242539351e-02
2.839272378576644662e-02
2.698708475176251481e-02
2.741105072154856326e-02
3.056008803643246730e-02
2.498556694313702753e-02
2.362141982990113506e-02
2.787021877629647371e-02
2.332334517725982367e-02
2.843221709288128868e-02
2.271995362160455015e-02
2.363347475054486738e-02
2.758655793040106635e-02
1.884568813696611833e-02
2.781364745854093476e-02
2.348627368758614276e-02
2.784403456294728962e-02
2.219836527416700622e-02
2.982479797005652480e-02
2.466863785618576138e-02
2.840182998847493034e-02
2.384176474416464450e-02
2.465450856348030961e-02
2.840182998847493034e-02
1.691257087562091782e-02
2.762640371978485401e-02
2.383905067306357414e-02
2.146624398832379030e-02
2.309625564911996221e-02
2.675203838686987523e-02
2.177707717384808409e-02
2.791925125978463734e-02
2.624383784863380115e-02
2.652471704214239001e-02
1.940527372529326014e-02
2.297414402512602816e-02
2.898090631570044221e-02
2.380866356865721581e-02
3.033299850829260236e-02
2.258805511088388465e-02
1.893260057488327028e-02
2.752781713782889716e-02
2.285067202684983381e-02
2.419082442235604563e-02
2.277046517092853883e-02
1.719049034382492958e-02
2.056835361337083778e-02
2.456759612556315420e-02
2.521265647127689247e-02
2.568577651498975614e-02
2.508871479730899814e-02
2.839272378576644662e-02
3.107839015484526249e-02
2.424482314295291555e-02
2.112076014347602157e-02
2.739931419164498561e-02
2.112871698022879274e-02
2.212627832598188307e-02
1.691257087562091782e-02
2.677544906081225778e-02
2.439684609859121139e-02
2.508871479730899814e-02
2.568239009293166522e-02
2.134634782339123182e-02
2.685062496882583555e-02
2.814634078792450575e-02
2.836233668136008829e-02
2.380866356865721581e-02
2.655510414654874835e-02
2.093318551949200149e-02
2.805942835000735380e-02
2.569514862581464762e-02
2.634230698209773583e-02
1.932631812412887937e-02
2.791925125978463734e-02
2.601683489464647059e-02
2.590002093609410430e-02
2.706604035292689558e-02
2.999808971984765232e-02
2.982479797005652480e-02
2.104324222284219975e-02
2.439045396698379803e-02
2.816542120783340278e-02
3.030261140388624402e-02
2.034498139251700310e-02
2.177707717384808409e-02
2.457333750325455327e-02
2.219836527416700622e-02
2.128238667162580047e-02
2.168079262510603719e-02
2.363347475054486738e-02
2.806738518676012498e-02
2.975392218106708703e-02
2.685062496882583555e-02
2.416043731794968730e-02
2.683895082478703065e-02
2.586963383168774597e-02
2.979441086565016647e-02
2.652471704214239001e-02
2.421443603854655721e-02
2.944940049702849880e-02
2.543028731443932808e-02
2.285067202684983381e-02
2.707835739216499227e-02
2.816542120783340278e-02
2.228527771208416164e-02
2.787021877629647371e-02
2.634230698209773583e-02
1.812129443609816412e-02
2.119547423370864506e-02
1.969115003025004307e-02
2.816542120783340278e-02
2.975392218106708703e-02
2.544441660714478332e-02
2.697912791500974364e-02
3.107839015484526249e-02
2.192657351657245623e-02
2.532094460886859244e-02
2.999808971984765232e-02
2.739931419164498561e-02
2.183107589444495400e-02
2.543028731443932808e-02
2.806738518676012498e-02
2.326864284442370368e-02
2.133839098663846065e-02
2.485125697145856502e-02
2.803699808235376664e-02
2.120767258139317699e-02
1.719049034382492958e-02
2.385110559370730646e-02
2.683895082478703065e-02
2.604722199905282892e-02
2.683895082478703065e-02
2.263447886421796063e-02
1.966076292584368473e-02
2.761694503480742469e-02
2.867362174606948033e-02
2.741105072154856326e-02
2.034498139251700310e-02
2.285737760884569078e-02
2.924572164283101294e-02
2.836233668136008829e-02
2.728364959904833187e-02
2.741105072154856326e-02
2.814634078792450575e-02
2.448642506533740132e-02
2.634230698209773583e-02
2.447736640490094998e-02
2.457333750325455327e-02
2.501783900831956037e-02
2.559691533554507570e-02
2.457333750325455327e-02
2.450963847008348628e-02
2.513370087011251169e-02
2.524073775294729399e-02
2.685062496882583555e-02
2.181902097380122169e-02
1.983678085428092555e-02
2.505832769290263981e-02
1.691257087562091782e-02
2.634230698209773583e-02
2.571616361939611101e-02
2.101285511843584142e-02
2.034498139251700310e-02
2.299787308980856190e-02
2.870400885047583867e-02
1.884568813696611833e-02
2.169016473593093214e-02
2.385110559370730646e-02
2.498556694313702753e-02
2.442723320299756973e-02
2.056261223567944219e-02
2.318316808703711068e-02
2.623446573780890967e-02
2.178863386939486335e-02
2.586963383168774597e-02
2.503511428815655485e-02
1.992369329219807750e-02
1.899288919992484295e-02
2.219836527416700622e-02
2.112871698022879274e-02
2.512202672607370679e-02
2.520319778629946661e-02
2.434996528240072206e-02
2.735191665788367851e-02
3.110877725925162082e-02
2.752781713782889716e-02
2.512202672607370679e-02
2.549853277623367540e-02
2.164865404836844448e-02
2.083064232758748135e-02
2.318316808703711068e-02
2.508871479730899814e-02
2.753577397458166834e-02
2.867362174606948033e-02
2.043189383043415505e-02
1.940527372529326014e-02
2.119547423370864506e-02
2.083064232758748135e-02
2.569514862581464762e-02
2.577932539558972641e-02
2.750538687017531000e-02
2.634242443058975799e-02
2.703786870758191629e-02
2.493816940937571697e-02
2.255507138386847812e-02
2.761472957574604911e-02
2.333130201401259485e-02
2.056835361337083778e-02
2.128238667162580047e-02
2.505832769290263981e-02
2.434996528240072206e-02
2.439045396698379803e-02
2.424482314295291555e-02
2.333130201401259485e-02
2.466863785618576138e-02
2.395894683799613262e-02
2.706604035292689558e-02
2.620334916405072517e-02
2.867362174606948033e-02
2.457333750325455327e-02
2.761472957574604911e-02
2.582400486368493717e-02
1.803438199818101217e-02
1.812129443609816412e-02
2.634230698209773583e-02
2.424482314295291555e-02
2.330241637088814946e-02
1.899288919992484295e-02
2.805942835000735380e-02
2.728364959904833187e-02
2.978430928547344536e-02
2.293758446476698576e-02
2.843221709288128868e-02
2.732152955347732018e-02
2.982479797005652480e-02
1.931836128737610819e-02
2.332334517725982367e-02
2.181902097380122169e-02
2.732413828363141131e-02
2.781364745854093476e-02
2.762640371978485401e-02
2.263447886421796063e-02
2.569514862581464762e-02
2.448642506533740132e-02
2.626485284221526800e-02
2.634242443058975799e-02
2.104324222284219975e-02
2.181902097380122169e-02
2.567443325617889405e-02
2.369613392013375855e-02
2.611541472315416501e-02
2.512202672607370679e-02
2.056261223567944219e-02
2.048144117545368584e-02
2.574893829118336808e-02
2.447736640490094998e-02
2.568239009293166522e-02
2.255507138386847812e-02
2.546814567182731706e-02
2.178863386939486335e-02
2.271995362160455015e-02
2.683895082478703065e-02
2.710874449657135060e-02
2.326864284442370368e-02
2.321550393297099751e-02
2.703786870758191629e-02
2.169016473593093214e-02
2.091755476550463677e-02
2.532094460886859244e-02
2.682023786441947721e-02
2.341025761517697909e-02
1.929743248100443398e-02
2.737056203696548728e-02
2.739931419164498561e-02
2.620334916405072517e-02
2.181902097380122169e-02
2.326864284442370368e-02
2.546814567182731706e-02
2.620232716107131696e-02
3.052970093202610896e-02
2.978430928547344536e-02
2.131596071898487349e-02
2.498556694313702753e-02
2.634230698209773583e-02
2.434996528240072206e-02
1.899288919992484295e-02
1.812129443609816412e-02
2.814634078792450575e-02
2.947978760143485713e-02
2.383905067306357414e-02
2.535133171327494730e-02
1.929743248100443398e-02
2.456759612556315420e-02
2.466863785618576138e-02
2.624383784863380115e-02
2.326864284442370368e-02
2.589206409934133313e-02
3.002847682425401066e-02
2.405939558732708011e-02
1.862805729380367925e-02
2.489865450521987211e-02
2.326864284442370368e-02
2.736892708723862727e-02
2.112871698022879274e-02
2.758655793040106635e-02
2.576134569409604599e-02
2.104324222284219975e-02
2.637269408650409416e-02
2.014132413536051658e-02
1.871496973172083120e-02
1.983678085428092555e-02
3.002847682425401066e-02
2.611541472315416501e-02
2.064952467359659066e-02
2.168079262510603719e-02
2.535133171327494730e-02
2.735191665788367851e-02
2.421443603854655721e-02
2.439684609859121139e-02
2.331654566359360470e-02
2.299787308980856190e-02
2.457333750325455327e-02
2.405444446012363485e-02
2.975392218106708703e-02
2.334693276799996303e-02
2.168079262510603719e-02
2.298210086187879933e-02
2.183107589444495400e-02
2.656005527375219361e-02
2.332334517725982367e-02
2.697912791500974364e-02
2.201348595448960818e-02
2.327866570916461292e-02
2.112076014347602157e-02
2.836233668136008829e-02
2.597897653725848507e-02
2.601683489464647059e-02
2.485125697145856502e-02
2.803699808235376664e-02
2.511628534838231119e-02
2.363347475054486738e-02
2.858568730517292017e-02
2.034498139251700310e-02
2.104324222284219975e-02
2.263304118368739820e-02
2.511628534838231119e-02
2.380866356865721581e-02
2.710874449657135060e-02
2.254756642630080521e-02
2.284564107894211660e-02
1.884568813696611833e-02
2.298210086187879933e-02
2.331654566359360470e-02
2.978430928547344536e-02
2.814634078792450575e-02
2.285067202684983381e-02
2.582400486368493717e-02
2.395894683799613262e-02
2.255507138386847812e-02
2.369613392013375855e-02
2.133839098663846065e-02
1.803438199818101217e-02
2.549853277623367540e-02
3.052970093202610896e-02
2.925269807329498872e-02
2.510331376570615336e-02
2.860811757282650733e-02
2.784403456294728962e-02
2.048144117545368584e-02
2.043189383043415505e-02
2.501783900831956037e-02
2.330241637088814946e-02
2.384960413242539351e-02
2.119547423370864506e-02
2.308478552772571385e-02
2.053504168460612567e-02
2.593155740645617519e-02
2.277046517092853883e-02
2.511628534838231119e-02
2.737056203696548728e-02
2.568577651498975614e-02
1.871496973172083120e-02
2.424482314295291555e-02
2.134634782339123182e-02
2.267496754880103660e-02
2.620232716107131696e-02
2.601846984437332713e-02
2.736892708723862727e-02
1.931836128737610819e-02
2.219836527416700622e-02
2.759601661537849568e-02
2.656715906719248066e-02
3.056008803643246730e-02
2.623446573780890967e-02
2.922231096888863039e-02
2.839272378576644662e-02
2.469902496059211972e-02
1.884568813696611833e-02
2.534337487652217613e-02
2.101285511843584142e-02
1.969115003025004307e-02
2.258805511088388465e-02
2.737056203696548728e-02
2.629026160196787365e-02
2.761472957574604911e-02
3.030261140388624402e-02
2.359103272549478020e-02
1.929593101972252103e-02
2.230705343629968418e-02
2.656005527375219361e-02
