2.836315627525578045e-02
2.319084499155468423e-02
2.400026767412997974e-02
2.816319459581387297e-02
2.502741669710296241e-02
2.638336656940050776e-02
2.815827233654461317e-02
2.769802135052792241e-02
3.360195742936521873e-02
2.420684176601681573e-02
2.439235899280413691e-02
2.777894771825161271e-02
2.439863266776576625e-02
2.549518021959660055e-02
2.593237241212446170e-02
2.375104782730485045e-02
2.992989962739693588e-02
2.653699991568752095e-02
2.734167193065226500e-02
2.195314441618618356e-02
2.399857185092161768e-02
2.573291300475098048e-02
2.390923284064622872e-02
3.068501959793864392e-02
2.642562700592361244e-02
2.695758904557424632e-02
2.746735436159865318e-02
2.610772109154716955e-02
2.560902660003126427e-02
2.383203367922062318e-02
2.420684176601681573e-02
2.648429720800766357e-02
2.492222486478383112e-02
2.390045581469735572e-02
2.276974482207853173e-02
2.677258916388605345e-02
2.415935401650762260e-02
3.268903873767915053e-02
2.321339260643100547e-02
2.897035621094015342e-02
2.319084499155468423e-02
2.401755090600795131e-02
2.373768006926009824e-02
2.410688991628333680e-02
2.332171067179273152e-02
2.369651875858891713e-02
2.066325217272725265e-02
2.701729030814523091e-02
2.916723802156488340e-02
2.439235899280413691e-02
2.975785065513939301e-02
2.757627604292936865e-02
2.685481348964808765e-02
2.728524418774345636e-02
2.991721231820717447e-02
2.986616872050111560e-02
2.370878739078174924e-02
2.511084974696285374e-02
2.175548103503937084e-02
2.230949383606184097e-02
2.175548103503937084e-02
2.807993019556049782e-02
2.954240423141098193e-02
2.481662321725935233e-02
2.698422820944074152e-02
3.071950320291704298e-02
2.757627604292936865e-02
2.356565307835087331e-02
2.706192357173775945e-02
2.742225653081162284e-02
2.421081629121061424e-02
3.258072067231743141e-02
2.137153451325788170e-02
3.047656605549583370e-02
3.083777377443263149e-02
3.075142229255854731e-02
2.436070680071404301e-02
2.326888244321285645e-02
3.055257016395026420e-02
2.549518021959660055e-02
2.586018418758779039e-02
2.703076944783599708e-02
2.604630238763061198e-02
2.348812636566037157e-02
2.548291158740377191e-02
2.564199792978141476e-02
3.093681704151252446e-02
2.941411320586950415e-02
2.486172409111305284e-02
2.673953402725074216e-02
3.136917056984261237e-02
2.810374326782867985e-02
2.756147536940928289e-02
2.715034071538911103e-02
2.430617773199810969e-02
2.149289343016949280e-02
2.438734439311899746e-02
2.767062965288989360e-02
3.296480355739545010e-02
2.423585692232850877e-02
2.509731333931158187e-02
2.245132126925459409e-02
2.596537601990692168e-02
3.404867200773063762e-02
2.864487745779494346e-02
2.276974482207853173e-02
2.209938834859962245e-02
2.632043517360447768e-02
2.478785292371063140e-02
2.502344217190916389e-02
2.890490044408541848e-02
2.706590711093596890e-02
2.637006687672074912e-02
2.720874128192257366e-02
2.728524418774345636e-02
2.566872786260224887e-02
2.931062236138617244e-02
2.805940219508728031e-02
2.401755090600795131e-02
3.093681704151252446e-02
2.522032398253389041e-02
2.596850225294950951e-02
3.296480355739545010e-02
3.000646259560139223e-02
2.261934059718729781e-02
2.698422820944074152e-02
2.174043033412887196e-02
3.275769347530577830e-02
2.576202836408098343e-02
2.698046421171546722e-02
2.348812636566037157e-02
3.134881263377491123e-02
2.241781190142356009e-02
2.344898185462953796e-02
2.839821738508790938e-02
2.788250751682831707e-02
2.371263943814220371e-02
3.111295496172586036e-02
2.860695159074322022e-02
2.066325217272725265e-02
2.573470903097765244e-02
2.429228466523731741e-02
2.795524963094919019e-02
2.437507576092616882e-02
2.587292108413926858e-02
2.405103595114590001e-02
2.975785065513939301e-02
2.500056700576794300e-02
3.361139622013128297e-02
2.695758904557424632e-02
2.676498428699322293e-02
2.777894771825161271e-02
2.237424458566233607e-02
2.815827233654461317e-02
2.593798432226889286e-02
2.660668718540620814e-02
3.136917056984261237e-02
2.859554812414396088e-02
2.464863408511297135e-02
2.926159163152540835e-02
2.943408616604926281e-02
3.441855783525756690e-02
2.859751279997715598e-02
2.418396659987559483e-02
2.931062236138617244e-02
3.573842600309409812e-02
2.613127799838676699e-02
3.296480355739545010e-02
2.448169800307952587e-02
2.640613423544947713e-02
2.688154342246891829e-02
3.083777377443263149e-02
3.190216366998017972e-02
2.430472677155271974e-02
2.807445289599777918e-02
2.698046421171546722e-02
3.573842600309409812e-02
3.045369088935461627e-02
2.319834190552050660e-02
2.596537601990692168e-02
2.698046421171546722e-02
2.291598875449197062e-02
2.245132126925459409e-02
2.348812636566037157e-02
2.624023225696963182e-02
3.136917056984261237e-02
2.857519018807625627e-02
3.111295496172586036e-02
2.731393846544990373e-02
3.047656605549583370e-02
2.197601958232740446e-02
2.688142094463557424e-02
3.203521407722405984e-02
3.007819203741775652e-02
2.318957953416283038e-02
2.421081629121061424e-02
2.454921280421431054e-02
2.807445289599777918e-02
2.953860673269187442e-02
2.721981745763927055e-02
2.372371561385890407e-02
2.820278653490856935e-02
2.185466066541579336e-02
2.457273914207297807e-02
2.410198451046109344e-02
2.864487745779494346e-02
2.639017620019703386e-02
2.296249649189339645e-02
2.745114616622330167e-02
2.279972074645613897e-02
2.624335849001222312e-02
2.461066500912469784e-02
3.505986900075685336e-02
2.306747622528246278e-02
2.544924625996655351e-02
2.767062965288989360e-02
2.412753885696678965e-02
3.404867200773063762e-02
3.442348009452682323e-02
2.888134353724582104e-02
2.651318684341934240e-02
2.750041646030314257e-02
2.596537601990692168e-02
2.362936200389837912e-02
2.739589589366052749e-02
2.784736985372834525e-02
3.075142229255854731e-02
2.725532044877817736e-02
2.841550061696588095e-02
2.626174881135902306e-02
2.317452883325232804e-02
2.503054293014555023e-02
2.768006844365596478e-02
2.243627056834409175e-02
2.055493410736553353e-02
2.744071519773215451e-02
2.791139715223999243e-02
2.947814050438115133e-02
2.424366786244657943e-02
2.055493410736553353e-02
2.417531205176006587e-02
2.558953382955712896e-02
3.116673149667026355e-02
2.840928820959641096e-02
2.555756432532827263e-02
2.592293362135839399e-02
2.291598875449197062e-02
2.757627604292936865e-02
2.943408616604926281e-02
2.280767068913025150e-02
2.511084974696285374e-02
3.134881263377491123e-02
2.322566123862384105e-02
2.890866287034915202e-02
2.498473473433536138e-02
2.153623711259185572e-02
3.007819203741775652e-02
2.457273914207297807e-02
2.659152898440345428e-02
2.574205540390122129e-02
2.688142094463557424e-02
2.503233895637222220e-02
2.756010042480616998e-02
2.258435007312455459e-02
2.901788951836445710e-02
2.677258916388605345e-02
2.936515143010210577e-02
2.418396659987559483e-02
2.405103595114590001e-02
2.420696424385015977e-02
2.383203367922062318e-02
3.505986900075685336e-02
2.326888244321285645e-02
3.007819203741775652e-02
2.653699991568752095e-02
2.526385151101257290e-02
2.491318636581604448e-02
2.359644443102209763e-02
2.528994525061225782e-02
2.788250751682831707e-02
2.411248815605628731e-02
2.854855102420975760e-02
2.787282011347082603e-02
2.592745015285520191e-02
2.941411320586950415e-02
2.720874128192257366e-02
2.770294360979718221e-02
2.548291158740377191e-02
3.164493538955891888e-02
2.451071315939122239e-02
2.991541629198049904e-02
2.904422737834257140e-02
2.526385151101257290e-02
3.102504814468477756e-02
2.636472594045454962e-02
2.707813410565378456e-02
2.769711276787433646e-02
2.355729991999125708e-02
2.954240423141098193e-02
2.939178902250706021e-02
2.779706461760781538e-02
2.186379910040109689e-02
2.757627604292936865e-02
2.586018418758779039e-02
2.525158287881974079e-02
2.890490044408541848e-02
3.065237902547865434e-02
2.593798432226889286e-02
2.350209082106156921e-02
2.472679401460449108e-02
2.675458472816124103e-02
2.904422737834257140e-02
3.179151196406310859e-02
2.583462984108209418e-02
2.186379910040109689e-02
3.126085250448089325e-02
2.555756432532827263e-02
2.864487745779494346e-02
2.519331867558280771e-02
2.573291300475098048e-02
2.209938834859962245e-02
2.779706461760781538e-02
2.676498428699322293e-02
2.706192357173775945e-02
2.560902660003126427e-02
2.648429720800766357e-02
2.573291300475098048e-02
2.642562700592361244e-02
2.568057496855058117e-02
2.556480148767497143e-02
2.703076944783599708e-02
2.279261998821975263e-02
3.432443682744693719e-02
2.660565612491927467e-02
3.164493538955891888e-02
2.555937873675359628e-02
2.383203367922062318e-02
3.000646259560139223e-02
3.073398137370603883e-02
2.980709822661877992e-02
2.467348890482847640e-02
2.893590931298085228e-02
2.723771088031915269e-02
3.085355264125914931e-02
2.241781190142356009e-02
2.842155684178924308e-02
3.259179149682593646e-02
2.854855102420975760e-02
2.389194960876825716e-02
2.492349032217568497e-02
2.554812553456220145e-02
3.709805927314558521e-02
2.492349032217568497e-02
2.613504042465050053e-02
3.342600147117730236e-02
2.854855102420975760e-02
2.174043033412887196e-02
2.478054151279834166e-02
2.617875182161899170e-02
2.344898185462953796e-02
2.555937873675359628e-02
2.638336656940050776e-02
2.103806025952344519e-02
2.372383809169225158e-02
2.420696424385015977e-02
2.366486656649882322e-02
2.651318684341934240e-02
2.982106784664741508e-02
2.866931119588688598e-02
2.852381868232760354e-02
2.503233895637222220e-02
2.410198451046109344e-02
3.026829614040063565e-02
2.255963933461631668e-02
2.350209082106156921e-02
3.000646259560139223e-02
2.319084499155468423e-02
3.296480355739545010e-02
2.788250751682831707e-02
2.457273914207297807e-02
2.186379910040109689e-02
2.337623974050866485e-02
2.770691813499098419e-02
2.279261998821975263e-02
2.587292108413926858e-02
2.999343990333792204e-02
2.241781190142356009e-02
2.287806288744025432e-02
3.275769347530577830e-02
2.186379910040109689e-02
2.550019481928174001e-02
3.349312564861569447e-02
2.492349032217568497e-02
2.859751279997715598e-02
2.817897346264039080e-02
2.555756432532827263e-02
2.577492857851110611e-02
2.410198451046109344e-02
2.566769680211531540e-02
2.201284567875716816e-02
2.901698093571087461e-02
2.842155684178924308e-02
2.642111047442680452e-02
2.399857185092161768e-02
2.360235669694729296e-02
2.410198451046109344e-02
2.889862676912378914e-02
2.861418875308991902e-02
2.874212469864816100e-02
2.589568875018823449e-02
2.721981745763927055e-02
2.269266813848627370e-02
2.904422737834257140e-02
2.417531205176006587e-02
2.874212469864816100e-02
2.839821738508790938e-02
2.137153451325788170e-02
2.547212142610777094e-02
2.360380765739268291e-02
2.923685928964324734e-02
2.548291158740377191e-02
2.322566123862384105e-02
2.947814050438115133e-02
2.613127799838676699e-02
2.805940219508728031e-02
2.187606773259392554e-02
2.562459493938925789e-02
2.548291158740377191e-02
2.746735436159865318e-02
2.548369315792585119e-02
2.584910801187108656e-02
2.750421395902224661e-02
2.685910529480385611e-02
2.898685787229604224e-02
2.746243210232939339e-02
3.056200895471633538e-02
2.255963933461631668e-02
2.383215615705397070e-02
2.411248815605628731e-02
2.207390458786330847e-02
2.555937873675359628e-02
2.358203226187341808e-02
2.390045581469735572e-02
2.397125251781828323e-02
2.943408616604926281e-02
2.769711276787433646e-02
2.688154342246891829e-02
2.498899527394985928e-02
2.438734439311899746e-02
2.136562224733268636e-02
2.791139715223999243e-02
2.439235899280413691e-02
2.936515143010210577e-02
2.319084499155468423e-02
2.624335849001222312e-02
2.464863408511297135e-02
2.464863408511297135e-02
2.728524418774345636e-02
2.291598875449197062e-02
2.282353381872432099e-02
2.279972074645613897e-02
2.566475333740845036e-02
2.332171067179273152e-02
2.439863266776576625e-02
3.432443682744693719e-02
2.550019481928174001e-02
2.492222486478383112e-02
2.738084519275002862e-02
2.659152898440345428e-02
2.105311096043394406e-02
2.529829840897187404e-02
2.197802943168801135e-02
2.439235899280413691e-02
3.157320594774255113e-02
2.777894771825161271e-02
2.757627604292936865e-02
2.848723005878224177e-02
2.176774966723220642e-02
2.329079684128816316e-02
2.636472594045454962e-02
2.954240423141098193e-02
3.049962484898466331e-02
2.723771088031915269e-02
2.817897346264039080e-02
2.350209082106156921e-02
3.134881263377491123e-02
2.704020823860206479e-02
2.874212469864816100e-02
2.412753885696678965e-02
2.742225653081162284e-02
2.546719916683851115e-02
2.556480148767497143e-02
2.430617773199810969e-02
2.147985257861960082e-02
2.688051236198198829e-02
2.566475333740845036e-02
2.961166737643943989e-02
2.573291300475098048e-02
2.624335849001222312e-02
2.206146248154790615e-02
2.571850083560230094e-02
2.587292108413926858e-02
3.417168265095294616e-02
2.576202836408098343e-02
2.746243210232939339e-02
2.965504339033422573e-02
2.928680928911799389e-02
2.420696424385015977e-02
2.308252692619296512e-02
2.464863408511297135e-02
2.500201796621332948e-02
2.871323202016981199e-02
2.390045581469735572e-02
2.712560837350695003e-02
3.024097680729730467e-02
3.064644255916947752e-02
2.418396659987559483e-02
2.575019623662895205e-02
2.688154342246891829e-02
2.356565307835087331e-02
2.305520759308963066e-02
2.680356132576238934e-02
2.502344217190916389e-02
3.174397865663880491e-02
3.190216366998017972e-02
2.415935401650762260e-02
2.175548103503937084e-02
2.410688991628333680e-02
2.574205540390122129e-02
2.503233895637222220e-02
2.660668718540620814e-02
2.258435007312455459e-02
2.562459493938925789e-02
2.709254627480246411e-02
2.560902660003126427e-02
2.704020823860206479e-02
2.833933251602720887e-02
2.439863266776576625e-02
2.721555691802477264e-02
2.465753086957603313e-02
2.863380663328644188e-02
2.911693278544435007e-02
2.784736985372834525e-02
2.558953382955712896e-02
2.594742311303496404e-02
3.268903873767915053e-02
2.453416210330381167e-02
2.525158287881974079e-02
2.707813410565378456e-02
2.566872786260224887e-02
2.523160991863998212e-02
2.643054926519287223e-02
2.255963933461631668e-02
3.553131592100443326e-02
3.573842600309409812e-02
2.559549019237999240e-02
2.369651875858891713e-02
2.276974482207853173e-02
2.704020823860206479e-02
3.238528982213809138e-02
2.308252692619296512e-02
2.787902204581843915e-02
2.176774966723220642e-02
2.742225653081162284e-02
2.577492857851110611e-02
2.901698093571087461e-02
2.928680928911799389e-02
2.454031601975125224e-02
3.116673149667026355e-02
3.185925811903615040e-02
2.954621160958470494e-02
2.612500432342513765e-02
3.126085250448089325e-02
2.637006687672074912e-02
2.366486656649882322e-02
3.052687129161636703e-02
2.905548058053396276e-02
3.404867200773063762e-02
2.939178902250706021e-02
2.577492857851110611e-02
2.986616872050111560e-02
2.296249649189339645e-02
2.333397930398556017e-02
2.909405761930312917e-02
2.881077943627478530e-02
2.556480148767497143e-02
2.920237568466485176e-02
3.065237902547865434e-02
2.700603710595383608e-02
2.841550061696588095e-02
2.293444742141250228e-02
2.947814050438115133e-02
2.643054926519287223e-02
3.164985764882817521e-02
2.787902204581843915e-02
2.429228466523731741e-02
3.024097680729730467e-02
2.642875323896620027e-02
2.279972074645613897e-02
2.255703074002122013e-02
2.752894630090440761e-02
2.746243210232939339e-02
2.195314441618618356e-02
2.823010586801190380e-02
2.199107028323790333e-02
3.045369088935461627e-02
2.362936200389837912e-02
2.704020823860206479e-02
2.514877561401457351e-02
2.613127799838676699e-02
2.843837578310710185e-02
2.371263943814220371e-02
2.526385151101257290e-02
2.478785292371063140e-02
2.354410639482169484e-02
2.991541629198049904e-02
2.780416537584420172e-02
3.136917056984261237e-02
2.852381868232760354e-02
2.725532044877817736e-02
3.275769347530577830e-02
2.556480148767497143e-02
2.677258916388605345e-02
2.274905267245852514e-02
2.197802943168801135e-02
2.599335707266501108e-02
2.464863408511297135e-02
2.261934059718729781e-02
2.528994525061225782e-02
2.405103595114590001e-02
2.898685787229604224e-02
2.771966038275065769e-02
2.478054151279834166e-02
2.322566123862384105e-02
2.390421824096108927e-02
2.628185813483531127e-02
3.228624655505820534e-02
2.397125251781828323e-02
2.326792167514694226e-02
3.056200895471633538e-02
2.909405761930312917e-02
2.293444742141250228e-02
2.419793105527678900e-02
2.214589608600104828e-02
2.255963933461631668e-02
2.814670060472653293e-02
2.941945414213569671e-02
2.464863408511297135e-02
2.916379864589568535e-02
2.843837578310710185e-02
2.634436800438684501e-02
2.593798432226889286e-02
2.605574117839668316e-02
3.155592271586457609e-02
2.890866287034915202e-02
2.610851033233779761e-02
2.571850083560230094e-02
2.639017620019703386e-02
2.636472594045454962e-02
2.927103042229147606e-02
2.249597183091507982e-02
3.000646259560139223e-02
2.624335849001222312e-02
2.400026767412997974e-02
2.923685928964324734e-02
2.728524418774345636e-02
3.441855783525756690e-02
2.408961298991506642e-02
3.164985764882817521e-02
3.068501959793864392e-02
2.750421395902224661e-02
2.599335707266501108e-02
2.223860718719728249e-02
2.810374326782867985e-02
2.808830003819307031e-02
2.833842393337362292e-02
2.149289343016949280e-02
3.037752278841594419e-02
2.908563567333749891e-02
3.052687129161636703e-02
2.634331033974569858e-02
2.637597914264594445e-02
2.720874128192257366e-02
2.517055100953383834e-02
2.160121149553121192e-02
2.610851033233779761e-02
2.897035621094015342e-02
2.760299176006370328e-02
2.756147536940928289e-02
3.164985764882817521e-02
2.423585692232850877e-02
2.264407293906945881e-02
2.207390458786330847e-02
2.325287097423643992e-02
3.136917056984261237e-02
2.385688849893612823e-02
2.715627718169828439e-02
2.531480007032776286e-02
2.440239509402949980e-02
2.637006687672074912e-02
2.642562700592361244e-02
2.549518021959660055e-02
2.207390458786330847e-02
2.218222265322503453e-02
3.342600147117730236e-02
2.542916408920991786e-02
2.556480148767497143e-02
2.373768006926009824e-02
2.500201796621332948e-02
2.685910529480385611e-02
2.752894630090440761e-02
3.029022437877669158e-02
2.408548284910520462e-02
2.439235899280413691e-02
2.777894771825161271e-02
2.625640787509283050e-02
3.157320594774255113e-02
2.823010586801190380e-02
2.688142094463557424e-02
3.139806020525429814e-02
2.245132126925459409e-02
2.186971136632629223e-02
2.531480007032776286e-02
3.136917056984261237e-02
2.982106784664741508e-02
2.486172409111305284e-02
3.258072067231743141e-02
2.318957953416283038e-02
2.954621160958470494e-02
2.548369315792585119e-02
2.543980746920048233e-02
2.677258916388605345e-02
2.871323202016981199e-02
2.390421824096108927e-02
2.461066500912469784e-02
2.498899527394985928e-02
2.362936200389837912e-02
2.756010042480616998e-02
2.768459410829108777e-02
2.746243210232939339e-02
3.134881263377491123e-02
2.355729991999125708e-02
2.350209082106156921e-02
2.770294360979718221e-02
3.404867200773063762e-02
2.728524418774345636e-02
3.190216366998017972e-02
2.706192357173775945e-02
2.412753885696678965e-02
2.195314441618618356e-02
2.334644301367488559e-02
2.577492857851110611e-02
2.695758904557424632e-02
3.268903873767915053e-02
2.839821738508790938e-02
2.769584731048248261e-02
2.149289343016949280e-02
2.174043033412887196e-02
2.503233895637222220e-02
2.230949383606184097e-02
3.052687129161636703e-02
3.026829614040063565e-02
2.289407435641666391e-02
2.756147536940928289e-02
2.464863408511297135e-02
2.299414868398349035e-02
2.550019481928174001e-02
2.555937873675359628e-02
2.237424458566233607e-02
2.695758904557424632e-02
2.550019481928174001e-02
3.709805927314558521e-02
2.796694112128145920e-02
2.999343990333792204e-02
2.593960957447116050e-02
3.155592271586457609e-02
2.436070680071404301e-02
2.859554812414396088e-02
2.610851033233779761e-02
2.890490044408541848e-02
2.437507576092616882e-02
2.480435458506652022e-02
2.836315627525578045e-02
2.746243210232939339e-02
2.808830003819307031e-02
2.186379910040109689e-02
2.550019481928174001e-02
2.573291300475098048e-02
2.354410639482169484e-02
3.138781119878857051e-02
2.842155684178924308e-02
2.980709822661877992e-02
2.575019623662895205e-02
2.136562224733268636e-02
2.417531205176006587e-02
2.308385540880500755e-02
3.404867200773063762e-02
2.125730418197096031e-02
2.589568875018823449e-02
2.454921280421431054e-02
2.549518021959660055e-02
2.429228466523731741e-02
2.836315627525578045e-02
2.732813552300099313e-02
2.206146248154790615e-02
2.284826616060647506e-02
3.315114523411459568e-02
2.287806288744025432e-02
2.815827233654461317e-02
2.855757904815569084e-02
2.435198592780829854e-02
2.333397930398556017e-02
3.075142229255854731e-02
3.158440188197343679e-02
2.753838509167047532e-02
2.423585692232850877e-02
2.757627604292936865e-02
2.613504042465050053e-02
2.901698093571087461e-02
3.136917056984261237e-02
2.498899527394985928e-02
2.594346162183161497e-02
2.673953402725074216e-02
2.911693278544435007e-02
2.319834190552050660e-02
2.411248815605628731e-02
2.731393846544990373e-02
2.911693278544435007e-02
2.715034071538911103e-02
2.261934059718729781e-02
2.549518021959660055e-02
3.157320594774255113e-02
2.680356132576238934e-02
2.351937405293954078e-02
2.931062236138617244e-02
2.584910801187108656e-02
2.768459410829108777e-02
2.341105598757781819e-02
2.574697766317048456e-02
2.274905267245852514e-02
2.105311096043394406e-02
2.440239509402949980e-02
2.571850083560230094e-02
2.656876131835448837e-02
2.507091599514138860e-02
2.212116374411888728e-02
3.553131592100443326e-02
2.424366786244657943e-02
2.891973369485765361e-02
2.911693278544435007e-02
2.385688849893612823e-02
2.675458472816124103e-02
2.542363185107728366e-02
2.928680928911799389e-02
2.860695159074322022e-02
2.878230027016592807e-02
2.356565307835087331e-02
2.410688991628333680e-02
2.673953402725074216e-02
2.424366786244657943e-02
2.836315627525578045e-02
2.986616872050111560e-02
2.626174881135902306e-02
3.087736571352733134e-02
2.559549019237999240e-02
2.500056700576794300e-02
2.472679401460449108e-02
2.223860718719728249e-02
2.547212142610777094e-02
2.412753885696678965e-02
2.592745015285520191e-02
3.441855783525756690e-02
2.593237241212446170e-02
3.238528982213809138e-02
2.439235899280413691e-02
2.731393846544990373e-02
3.209361464375752593e-02
2.419793105527678900e-02
2.961166737643943989e-02
2.897035621094015342e-02
2.709254627480246411e-02
2.279261998821975263e-02
2.617875182161899170e-02
2.440239509402949980e-02
2.863380663328644188e-02
2.758879470251261734e-02
2.701729030814523091e-02
3.158440188197343679e-02
2.514877561401457351e-02
2.931062236138617244e-02
2.715627718169828439e-02
2.941411320586950415e-02
2.535990094418146337e-02
2.564187817126722946e-02
2.542363185107728366e-02
3.087736571352733134e-02
3.361139622013128297e-02
3.055257016395026420e-02
2.199107028323790333e-02
2.941945414213569671e-02
2.841550061696588095e-02
2.980709822661877992e-02
2.507091599514138860e-02
2.441304483691444580e-02
2.558953382955712896e-02
3.203521407722405984e-02
2.770691813499098419e-02
2.451071315939122239e-02
2.864487745779494346e-02
2.583462984108209418e-02
2.452923984403455188e-02
2.566769680211531540e-02
2.721555691802477264e-02
2.510888507112966558e-02
2.769802135052792241e-02
2.823010586801190380e-02
2.271521575336259494e-02
2.866931119588688598e-02
2.420696424385015977e-02
3.157320594774255113e-02
2.707813410565378456e-02
2.943956346561198492e-02
3.394035394236891157e-02
2.929274575542717071e-02
2.405103595114590001e-02
2.457273914207297807e-02
2.480435458506652022e-02
2.676498428699322293e-02
2.472679401460449108e-02
2.587292108413926858e-02
2.788250751682831707e-02
2.510888507112966558e-02
2.706590711093596890e-02
2.583462984108209418e-02
2.642111047442680452e-02
2.153623711259185572e-02
3.285181448311640801e-02
2.744071519773215451e-02
2.861418875308991902e-02
2.282353381872432099e-02
2.941411320586950415e-02
2.890490044408541848e-02
2.186379910040109689e-02
2.415935401650762260e-02
2.643054926519287223e-02
2.923685928964324734e-02
2.326888244321285645e-02
2.410688991628333680e-02
3.074650003328928405e-02
2.319834190552050660e-02
2.362936200389837912e-02
2.103806025952344519e-02
2.469610790834519953e-02
2.791139715223999243e-02
2.415935401650762260e-02
2.594742311303496404e-02
2.916379864589568535e-02
2.593237241212446170e-02
3.023605454802804487e-02
2.437507576092616882e-02
2.833842393337362292e-02
2.941945414213569671e-02
2.439235899280413691e-02
2.562459493938925789e-02
2.448169800307952587e-02
2.848868101922763171e-02
2.612500432342513765e-02
2.890866287034915202e-02
3.055360122443720114e-02
2.149289343016949280e-02
2.848723005878224177e-02
2.555756432532827263e-02
2.230949383606184097e-02
2.390045581469735572e-02
2.610851033233779761e-02
2.685910529480385611e-02
2.594346162183161497e-02
3.291555598591606319e-02
2.788250751682831707e-02
2.769584731048248261e-02
2.594742311303496404e-02
2.149289343016949280e-02
2.280767068913025150e-02
3.228624655505820534e-02
2.957718377146104083e-02
2.860825228678074567e-02
2.491318636581604448e-02
2.548369315792585119e-02
2.461066500912469784e-02
2.326792167514694226e-02
2.284826616060647506e-02
2.503054293014555023e-02
2.797779984685989582e-02
2.546719916683851115e-02
3.068501959793864392e-02
2.571850083560230094e-02
2.279972074645613897e-02
2.593960957447116050e-02
2.770294360979718221e-02
2.732813552300099313e-02
